SH096150.07FU_AB439558_refs	k__Fungi;p__Basidiomycota;c__Agaricomycetes;o__Russulales;f__Lachnocladiaceae
SH090557.07FU_KC343008_refs	k__Fungi;p__Ascomycota;c__Sordariomycetes;o__Diaporthales;f__Diaporthaceae
SH083005.07FU_AF391036_refs	k__Fungi;p__Basidiomycota;c__Agaricomycetes;o__Agaricales;f__Agaricaceae
SH084848.07FU_AY762619_refs	k__Fungi;p__Ascomycota;c__Leotiomycetes;o__Leotiomycetes_ord_Incertae_sedis;f__Leotiomycetes_fam_Incertae_sedis
SH135497.07FU_KF732349_refs	k__Fungi;p__Basidiomycota;c__Agaricomycetes;o__Agaricales;f__Cortinariaceae
SH087865.07FU_GQ913419_reps	k__Fungi;p__Basidiomycota;c__Agaricomycetes;o__Agaricales;f__Physalacriaceae
SH546223.07FU_KM371467_reps	k__Fungi;p__Ascomycota;c__Eurotiomycetes;o__Verrucariales;f__Verrucariaceae
SH085061.07FU_FJ196778_refs	k__Fungi;p__Ascomycota;c__Saccharomycetes;o__Saccharomycetales;f__Saccharomycetaceae
SH118129.07FU_AF072224_reps	k__Fungi;p__Ascomycota;c__Lecanoromycetes;o__Lecanorales;f__Parmeliaceae
SH112915.07FU_FM876836_refs	k__Fungi;p__Glomeromycota;c__Glomeromycetes;o__Diversisporales;f__Gigasporaceae
SH127089.07FU_KC456241_reps	k__Fungi;p__Basidiomycota;c__Agaricomycetes;o__Hymenochaetales;f__Hymenochaetaceae
SH129345.07FU_LN589962_reps	k__Fungi;p__Ascomycota;c__Pezizomycetes;o__Pezizales;f__Chorioactidaceae
SH136169.07FU_UDB015046_reps	k__Fungi;p__Ascomycota;c__Leotiomycetes;o__Helotiales;f__Helotiaceae
SH128072.07FU_KJ706633_reps	k__Fungi;p__Basidiomycota;c__Microbotryomycetes;o__Sporidiobolales;f__Sporidiobolales_fam_Incertae_sedis
SH118792.07FU_KF748110_reps	k__Fungi;p__Ascomycota;c__Sordariomycetes;o__Ophiostomatales;f__Ophiostomataceae
SH094705.07FU_JQ885445_refs	k__Fungi;p__Ascomycota;c__Leotiomycetes;o__Erysiphales;f__Erysiphaceae
SH080743.07FU_JQ685871_refs	k__Fungi;p__Ascomycota;c__Sordariomycetes;o__Hypocreales;f__Hypocreaceae
SH116006.07FU_EF419968_reps	k__Fungi;p__Ascomycota;c__Dothideomycetes;o__Dothideales;f__Dothioraceae
SH100461.07FU_LM652443_refs	k__Fungi;p__Ascomycota;c__Sordariomycetes;o__Microascales;f__Microascaceae
SH134602.07FU_UDB000390_reps	k__Fungi;p__Basidiomycota;c__Agaricomycetes;o__Russulales;f__Russulaceae
SH100857.07FU_DQ888715_reps	k__Fungi;p__Ascomycota;c__Lecanoromycetes;o__Teloschistales;f__Teloschistaceae
SH130978.07FU_KC818333_reps	k__Fungi;p__Basidiomycota;c__Agaricomycetes;o__Agaricales;f__Strophariaceae
SH083317.07FU_JF908157_reps	k__Fungi;p__Basidiomycota;c__Agaricomycetes;o__Agaricales;f__Inocybaceae
SH111883.07FU_JN257988_refs	k__Fungi;p__Basidiomycota;c__Agaricomycetes;o__Boletales;f__Boletaceae
SH101611.07FU_JN712457_reps	k__Fungi;p__Ascomycota;c__Dothideomycetes;o__Pleosporales;f__Dacampiaceae
SH536370.07FU_LN810845_reps	k__Fungi;p__Ascomycota;c__Lecanoromycetes;o__Acarosporales;f__Acarosporaceae
SH116375.07FU_JF320818_reps	k__Fungi;p__Ascomycota;c__Sordariomycetes;o__Xylariales;f__Amphisphaeriaceae
SH095297.07FU_EU622840_refs	k__Fungi;p__Basidiomycota;c__Agaricomycetes;o__Corticiales;f__Corticiaceae
SH127053.07FU_JQ812707_refs	k__Fungi;p__Ascomycota;c__Saccharomycetes;o__Saccharomycetales;f__Saccharomycetales_fam_Incertae_sedis
SH106942.07FU_AY219391_reps	k__Fungi;p__Basidiomycota;c__Agaricomycetes;o__Polyporales;f__Phanerochaetaceae
SH111781.07FU_AF333501_reps	k__Fungi;p__Basidiomycota;c__Pucciniomycetes;o__Pucciniales;f__Phakopsoraceae
SH076386.07FU_AF422960_refs	k__Fungi;p__Ascomycota;c__Sordariomycetes;o__Magnaporthales;f__Magnaporthaceae
SH094056.07FU_JX310841_reps	k__Fungi;p__Basidiomycota;c__Agaricomycetes;o__Polyporales;f__Ganodermataceae
SH117959.07FU_AB540575_refs	k__Fungi;p__Ascomycota;c__Sordariomycetes;o__Hypocreales;f__Hypocreales_fam_Incertae_sedis
SH086597.07FU_EU076302_refs	k__Fungi;p__Ascomycota;c__Eurotiomycetes;o__Eurotiales;f__Trichocomaceae
SH116309.07FU_AY663818_reps	k__Fungi;p__Ascomycota;c__Dothideomycetes;o__Pleosporales;f__Phaeosphaeriaceae
SH119926.07FU_AB375430_refs	k__Fungi;p__Basidiomycota;c__Agaricomycetes;o__Agaricales;f__Typhulaceae
SH102682.07FU_JX536279_reps	k__Fungi;p__Ascomycota;c__Sordariomycetes;o__Sordariales;f__Chaetomiaceae
SH100373.07FU_JN813414_reps	k__Fungi;p__Ascomycota;c__Lecanoromycetes;o__Teloschistales;f__Teloschistaceae
SH131768.07FU_JN943146_refs	k__Fungi;p__Ascomycota;c__Saccharomycetes;o__Saccharomycetales;f__Lipomycetaceae
SH118525.07FU_DQ979540_reps	k__Fungi;p__Ascomycota;c__Dothideomycetes;o__Pleosporales;f__Phaeosphaeriaceae
SH092963.07FU_EF196675_refs	k__Fungi;p__Ascomycota;c__Leotiomycetes;o__Erysiphales;f__Erysiphaceae
SH120495.07FU_JQ915108_refs	k__Fungi;p__Basidiomycota;c__Agaricomycetes;o__Cantharellales;f__Cantharellaceae
SH115767.07FU_GU723418_reps	k__Fungi;p__Ascomycota;c__Lecanoromycetes;o__Teloschistales;f__Teloschistaceae
SH544169.07FU_KJ938816_reps	k__Fungi;p__Ascomycota;c__Pezizomycetes;o__Pezizales;f__Pyronemataceae
SH079335.07FU_UDB016002_refs	k__Fungi;p__Basidiomycota;c__Agaricomycetes;o__Russulales;f__Russulaceae
SH135446.07FU_FJ039601_reps	k__Fungi;p__Basidiomycota;c__Agaricomycetes;o__Agaricales;f__Cortinariaceae
SH076757.07FU_KC429049_reps	k__Fungi;p__Basidiomycota;c__Agaricomycetes;o__Agaricales;f__Amanitaceae
SH135585.07FU_UDB001053_reps	k__Fungi;p__Basidiomycota;c__Agaricomycetes;o__Agaricales;f__Cortinariaceae
SH121164.07FU_AY212816_reps	k__Fungi;p__Ascomycota;c__Lecanoromycetes;o__Agyriales;f__Trapeliaceae
SH091488.07FU_EF591737_refs	k__Fungi;p__Ascomycota;c__Eurotiomycetes;o__Eurotiales;f__Trichocomaceae
SH084409.07FU_FN397431_reps	k__Fungi;p__Ascomycota;c__Dothideomycetes;o__Pleosporales;f__Lophiostomataceae
SH104306.07FU_EU977274_reps	k__Fungi;p__Ascomycota;c__Pezizomycotina_cls_Incertae_sedis;o__Pezizomycotina_ord_Incertae_sedis;f__Pezizomycotina_fam_Incertae_sedis
SH121810.07FU_AJ247568_reps	k__Fungi;p__Ascomycota;c__Lecanoromycetes;o__Lecanorales;f__Ramalinaceae
SH103515.07FU_FJ228189_reps	k__Fungi;p__Ascomycota;c__Sordariomycetes;o__Xylariales;f__Diatrypaceae
SH548492.07FU_KF959700_reps	k__Fungi;p__Basidiomycota;c__Agaricomycetes;o__Cantharellales;f__Ceratobasidiaceae
SH077921.07FU_HM572527_refs	k__Fungi;p__Basidiomycota;c__Agaricomycetes;o__Agaricales;f__Lyophyllaceae
SH116919.07FU_AF444523_refs	k__Fungi;p__Basidiomycota;c__Cystobasidiomycetes;o__Cystobasidiomycetes_ord_Incertae_sedis;f__Buckleyzymaceae
SH077924.07FU_HM572539_refs	k__Fungi;p__Basidiomycota;c__Agaricomycetes;o__Agaricales;f__Lyophyllaceae
SH092153.07FU_HM627468_refs	k__Fungi;p__Ascomycota;c__Leotiomycetes;o__Helotiales;f__Helotiales_fam_Incertae_sedis
SH097376.07FU_JQ647430_refs	k__Fungi;p__Ascomycota;c__Sordariomycetes;o__Hypocreales;f__Hypocreales_fam_Incertae_sedis
SH133112.07FU_AB289662_reps	k__Fungi;p__Basidiomycota;c__Agaricomycetes;o__Agaricales;f__Tricholomataceae
SH097709.07FU_JN020995_refs	k__Fungi;p__Basidiomycota;c__Agaricomycetes;o__Agaricales;f__Tricholomataceae
SH081772.07FU_UDB001485_refs	k__Fungi;p__Basidiomycota;c__Agaricomycetes;o__Boletales;f__Boletaceae
SH132834.07FU_FN396129_reps	k__Fungi;p__Basidiomycota;c__Agaricomycetes;o__Agaricales;f__Psathyrellaceae
SH080587.07FU_GQ502277_reps	k__Fungi;p__Zygomycota;c__Mucoromycotina_cls_Incertae_sedis;o__Mucorales;f__Rhizopodaceae
SH107991.07FU_EU669252_reps	k__Fungi;p__Basidiomycota;c__Agaricomycetes;o__Russulales;f__Albatrellaceae
SH132540.07FU_EF685100_refs	k__Fungi;p__Basidiomycota;c__Agaricomycetes;o__Russulales;f__Russulaceae
SH102901.07FU_EU683656_refs	k__Fungi;p__Ascomycota;c__Dothideomycetes;o__Botryosphaeriales;f__Botryosphaeriaceae
SH105599.07FU_EU041819_refs	k__Fungi;p__Ascomycota;c__Pezizomycotina_cls_Incertae_sedis;o__Pezizomycotina_ord_Incertae_sedis;f__Pezizomycotina_fam_Incertae_sedis
SH093668.07FU_UDB016427_refs	k__Fungi;p__Basidiomycota;c__Agaricomycetes;o__Polyporales;f__Meruliaceae
SH120374.07FU_GU169267_reps	k__Fungi;p__Ascomycota;c__Lecanoromycetes;o__Lecanorales;f__Cladoniaceae
SH086255.07FU_JN102497_reps	k__Fungi;p__Basidiomycota;c__Agaricomycetes;o__Agaricales;f__Cortinariaceae
SH090684.07FU_KC343134_refs	k__Fungi;p__Ascomycota;c__Sordariomycetes;o__Diaporthales;f__Diaporthaceae
SH127572.07FU_UDB003255_refs	k__Fungi;p__Basidiomycota;c__Agaricomycetes;o__Agaricales;f__Strophariaceae
SH116534.07FU_KF251407_reps	k__Fungi;p__Ascomycota;c__Dothideomycetes;o__Capnodiales;f__Mycosphaerellaceae
SH096852.07FU_JQ902044_reps	k__Fungi;p__Basidiomycota;c__Agaricomycetes;o__Russulales;f__Russulaceae
SH129086.07FU_EU037892_refs	k__Fungi;p__Ascomycota;c__Sordariomycetes;o__Chaetosphaeriales;f__Chaetosphaeriaceae
SH093485.07FU_UDB015212_refs	k__Fungi;p__Basidiomycota;c__Agaricomycetes;o__Agaricales;f__Entolomataceae
SH099639.07FU_KC529647_reps	k__Fungi;p__Basidiomycota;c__Agaricomycetes;o__Geastrales;f__Geastraceae
SH130497.07FU_JF908661_reps	k__Fungi;p__Basidiomycota;c__Agaricomycetes;o__Russulales;f__Russulaceae
SH077488.07FU_AF505763_refs	k__Fungi;p__Basidiomycota;c__Agaricomycetes;o__Agaricales;f__Omphalotaceae
SH111349.07FU_JQ711953_reps	k__Fungi;p__Ascomycota;c__Pezizomycetes;o__Pezizales;f__Tuberaceae
SH134536.07FU_FJ380939_reps	k__Fungi;p__Ascomycota;c__Orbiliomycetes;o__Orbiliales;f__Orbiliaceae
SH082767.07FU_JN086324_reps	k__Fungi;p__Ascomycota;c__Lecanoromycetes;o__Lecanorales;f__Parmeliaceae
SH539124.07FU_LN794638_reps	k__Fungi;p__Basidiomycota;c__Agaricomycetes;o__Agaricales;f__Cortinariaceae
SH094320.07FU_KM273093_refs	k__Fungi;p__Basidiomycota;c__Agaricomycetes;o__Agaricales;f__Cortinariaceae
SH124157.07FU_UDB011562_refs	k__Fungi;p__Basidiomycota;c__Agaricomycetes;o__Agaricales;f__Tricholomataceae
SH132843.07FU_KC922143_reps	k__Fungi;p__Basidiomycota;c__Agaricomycetes;o__Agaricales;f__Psathyrellaceae
SH135760.07FU_UDB001090_reps	k__Fungi;p__Basidiomycota;c__Agaricomycetes;o__Agaricales;f__Cortinariaceae
SH135607.07FU_JX648597_reps	k__Fungi;p__Basidiomycota;c__Agaricomycetes;o__Agaricales;f__Cortinariaceae
SH132217.07FU_UDB018813_reps	k__Fungi;p__Basidiomycota;c__Agaricomycetes;o__Russulales;f__Russulaceae
SH116491.07FU_AM084429_reps	k__Fungi;p__Ascomycota;c__Dothideomycetes;o__Capnodiales;f__Mycosphaerellaceae
SH086951.07FU_UDB000407_refs	k__Fungi;p__Basidiomycota;c__Agaricomycetes;o__Boletales;f__Boletaceae
SH092731.07FU_JN383979_refs	k__Fungi;p__Basidiomycota;c__Agaricomycetes;o__Polyporales;f__Ganodermataceae
SH104302.07FU_KJ606686_reps	k__Fungi;p__Zygomycota;c__Mucoromycotina_cls_Incertae_sedis;o__Mucorales;f__Mucoraceae
SH116478.07FU_AY923757_reps	k__Fungi;p__Ascomycota;c__Dothideomycetes;o__Capnodiales;f__Mycosphaerellaceae
SH101624.07FU_UDB002308_refs	k__Fungi;p__Basidiomycota;c__Agaricomycetes;o__Agaricales;f__Amanitaceae
SH125492.07FU_AB721453_reps	k__Fungi;p__Basidiomycota;c__Agaricomycetes;o__Agaricales;f__Amanitaceae
SH086107.07FU_HG518629_refs	k__Fungi;p__Glomeromycota;c__Glomeromycetes;o__Diversisporales;f__Diversisporaceae
SH084075.07FU_FJ623603_refs	k__Fungi;p__Ascomycota;c__Saccharomycetes;o__Saccharomycetales;f__Saccharomycetales_fam_Incertae_sedis
SH077346.07FU_AY877409_reps	k__Fungi;p__Basidiomycota;c__Microbotryomycetes;o__Microbotryales;f__Microbotryaceae
SH114188.07FU_AY785274_reps	k__Fungi;p__Ascomycota;c__Lecanoromycetes;o__Lecanorales;f__Parmeliaceae
SH103081.07FU_UDB001022_refs	k__Fungi;p__Basidiomycota;c__Agaricomycetes;o__Agaricales;f__Cortinariaceae
SH080722.07FU_FJ860728_refs	k__Fungi;p__Ascomycota;c__Sordariomycetes;o__Hypocreales;f__Hypocreaceae
SH121180.07FU_AY176453_refs	k__Fungi;p__Basidiomycota;c__Agaricomycetes;o__Agaricales;f__Amanitaceae
SH100937.07FU_HQ829060_reps	k__Fungi;p__Ascomycota;c__Pezizomycetes;o__Pezizales;f__Pezizaceae
SH095287.07FU_DQ421987_reps	k__Fungi;p__Basidiomycota;c__Agaricomycetes;o__Russulales;f__Russulaceae
SH108255.07FU_EU784233_reps	k__Fungi;p__Basidiomycota;c__Agaricomycetes;o__Geastrales;f__Geastraceae
SH125206.07FU_KC178655_reps	k__Fungi;p__Ascomycota;c__Sordariomycetes;o__Xylariales;f__Xylariaceae
SH082225.07FU_KJ780397_reps	k__Fungi;p__Basidiomycota;c__Agaricomycetes;o__Agaricomycetidae_ord_Incertae_sedis;f__Agaricomycetidae_fam_Incertae_sedis
SH118355.07FU_UDB011460_reps	k__Fungi;p__Basidiomycota;c__Agaricomycetes;o__Agaricales;f__Hygrophoraceae
SH123847.07FU_JQ711873_reps	k__Fungi;p__Basidiomycota;c__Agaricomycetes;o__Atheliales;f__Atheliaceae
SH102342.07FU_GU300091_reps	k__Fungi;p__Ascomycota;c__Sordariomycetes;o__Xylariales;f__Xylariaceae
SH099531.07FU_HE614872_reps	k__Fungi;p__Ascomycota;c__Sordariomycetes;o__Xylariales;f__Xylariaceae
SH135303.07FU_KF732357_refs	k__Fungi;p__Basidiomycota;c__Agaricomycetes;o__Agaricales;f__Cortinariaceae
SH091426.07FU_KC818289_reps	k__Fungi;p__Basidiomycota;c__Agaricomycetes;o__Russulales;f__Russulaceae
SH118519.07FU_AB769428_refs	k__Fungi;p__Ascomycota;c__Leotiomycetes;o__Erysiphales;f__Erysiphaceae
SH111971.07FU_FM876781_reps	k__Fungi;p__Glomeromycota;c__Glomeromycetes;o__Diversisporales;f__Acaulosporaceae
SH092288.07FU_KC505549_reps	k__Fungi;p__Basidiomycota;c__Agaricomycetes;o__Boletales;f__Sclerodermataceae
SH130945.07FU_HM162269_reps	k__Fungi;p__Ascomycota;c__Sordariomycetes;o__Sordariomycetes_ord_Incertae_sedis;f__Sordariomycetes_fam_Incertae_sedis
SH539667.07FU_LK392594_reps	k__Fungi;p__Basidiomycota;c__Agaricomycetes;o__Russulales;f__Russulaceae
SH472108.07FU_UDB019739_reps	k__Fungi;p__Basidiomycota;c__Pucciniomycetes;o__Pucciniales;f__Pucciniaceae
SH108022.07FU_UDB013958_reps	k__Fungi;p__Basidiomycota;c__Agaricomycetes;o__Russulales;f__Russulaceae
SH087692.07FU_JQ031775_reps	k__Fungi;p__Basidiomycota;c__Agaricomycetes;o__Agaricales;f__Marasmiaceae
SH085483.07FU_FJ480136_reps	k__Fungi;p__Ascomycota;c__Pezizomycotina_cls_Incertae_sedis;o__Pezizomycotina_ord_Incertae_sedis;f__Pezizomycotina_fam_Incertae_sedis
SH108657.07FU_KC585332_reps	k__Fungi;p__Basidiomycota;c__Agaricomycetes;o__Polyporales;f__Fomitopsidaceae
SH093667.07FU_HQ604796_reps	k__Fungi;p__Basidiomycota;c__Agaricomycetes;o__Polyporales;f__Meruliaceae
SH114319.07FU_HQ611342_reps	k__Fungi;p__Ascomycota;c__Leotiomycetes;o__Helotiales;f__Dermateaceae
SH128544.07FU_LC001709_refs	k__Fungi;p__Ascomycota;c__Dothideomycetes;o__Pleosporales;f__Lophiostomataceae
SH119658.07FU_JX898041_reps	k__Fungi;p__Ascomycota;c__Eurotiomycetes;o__Eurotiales;f__Trichocomaceae
SH093475.07FU_AY781254_reps	k__Fungi;p__Basidiomycota;c__Agaricomycetes;o__Russulales;f__Stereaceae
SH135337.07FU_KF732641_refs	k__Fungi;p__Basidiomycota;c__Agaricomycetes;o__Agaricales;f__Cortinariaceae
SH104402.07FU_UDB018293_reps	k__Fungi;p__Basidiomycota;c__Agaricomycetes;o__Agaricales;f__Cortinariaceae
SH117924.07FU_JX110714_reps	k__Fungi;p__Basidiomycota;c__Agaricomycetes;o__Polyporales;f__Polyporaceae
SH135131.07FU_EF552702_reps	k__Fungi;p__Ascomycota;c__Sordariomycetes;o__Hypocreales;f__Hypocreaceae
SH115213.07FU_AY425632_reps	k__Fungi;p__Ascomycota;c__Lecanoromycetes;o__Lecanorales;f__Psoraceae
SH127906.07FU_DQ780374_refs	k__Fungi;p__Ascomycota;c__Dothideomycetes;o__Capnodiales;f__Davidiellaceae
SH080244.07FU_AY239348_reps	k__Fungi;p__Basidiomycota;c__Agaricomycetes;o__Russulales;f__Russulaceae
SH089890.07FU_KF528030_reps	k__Fungi;p__Basidiomycota;c__Pucciniomycetes;o__Pucciniales;f__Pucciniales_fam_Incertae_sedis
SH097141.07FU_FJ936152_reps	k__Fungi;p__Basidiomycota;c__Agaricomycetes;o__Agaricales;f__Marasmiaceae
SH134592.07FU_JX310422_reps	k__Fungi;p__Ascomycota;c__Pezizomycetes;o__Pezizales;f__Discinaceae
SH088581.07FU_JQ088224_reps	k__Fungi;p__Basidiomycota;c__Ustilaginomycotina_cls_Incertae_sedis;o__Malasseziales;f__Malasseziaceae
SH110742.07FU_JN942634_reps	k__Fungi;p__Ascomycota;c__Saccharomycetes;o__Saccharomycetales;f__Saccharomycetales_fam_Incertae_sedis
SH115123.07FU_UDB013702_reps	k__Fungi;p__Basidiomycota;c__Agaricomycetes;o__Thelephorales;f__Thelephoraceae
SH097142.07FU_FJ524299_reps	k__Fungi;p__Basidiomycota;c__Agaricomycetes;o__Agaricales;f__Marasmiaceae
SH090910.07FU_FJ596870_refs	k__Fungi;p__Basidiomycota;c__Agaricomycetes;o__Agaricales;f__Entolomataceae
SH551673.07FU_KP184001_refs	k__Fungi;p__Ascomycota;c__Dothideomycetes;o__Pleosporales;f__Lentitheciaceae
SH118468.07FU_KC965621_reps	k__Fungi;p__Basidiomycota;c__Agaricomycetes;o__Cantharellales;f__Clavulinaceae
SH132512.07FU_KF133257_reps	k__Fungi;p__Basidiomycota;c__Agaricomycetes;o__Russulales;f__Russulaceae
SH113648.07FU_EU727455_reps	k__Fungi;p__Ascomycota;c__Sordariomycetes;o__Hypocreales;f__Nectriaceae
SH130256.07FU_AB161063_reps	k__Fungi;p__Ascomycota;c__Pezizomycotina_cls_Incertae_sedis;o__Pezizomycotina_ord_Incertae_sedis;f__Pezizomycotina_fam_Incertae_sedis
SH130217.07FU_UDB016251_reps	k__Fungi;p__Basidiomycota;c__Agaricomycetes;o__Agaricales;f__Mycenaceae
SH539828.07FU_KP714540_reps	k__Fungi;p__Zygomycota;c__Mucoromycotina_cls_Incertae_sedis;o__Mucorales;f__Umbelopsidaceae
SH096063.07FU_GQ927266_reps	k__Fungi;p__Ascomycota;c__Lecanoromycetes;o__Peltigerales;f__Pannariaceae
SH091031.07FU_UDB003281_refs	k__Fungi;p__Basidiomycota;c__Agaricomycetes;o__Thelephorales;f__Bankeraceae
SH132341.07FU_HM583847_reps	k__Fungi;p__Basidiomycota;c__Agaricomycetes;o__Polyporales;f__Fomitopsidaceae
SH089639.07FU_UDB018590_refs	k__Fungi;p__Basidiomycota;c__Agaricomycetes;o__Thelephorales;f__Thelephoraceae
SH087948.07FU_FJ888524_refs	k__Fungi;p__Ascomycota;c__Saccharomycetes;o__Saccharomycetales;f__Saccharomycetaceae
SH116192.07FU_AF145322_refs	k__Fungi;p__Basidiomycota;c__Tremellomycetes;o__Tremellales;f__Tremellales_fam_Incertae_sedis
SH124459.07FU_KC333169_reps	k__Fungi;p__Basidiomycota;c__Microbotryomycetes;o__Kriegeriales;f__Kriegeriaceae
SH081531.07FU_UDB017864_reps	k__Fungi;p__Basidiomycota;c__Agaricomycetes;o__Agaricales;f__Mycenaceae
SH095923.07FU_AJ970150_reps	k__Fungi;p__Ascomycota;c__Eurotiomycetes;o__Onygenales;f__Arthrodermataceae
SH123830.07FU_JQ989302_reps	k__Fungi;p__Ascomycota;c__Sordariomycetes;o__Hypocreales;f__Hypocreales_fam_Incertae_sedis
SH133579.07FU_AB777480_reps	k__Fungi;p__Basidiomycota;c__Agaricomycetes;o__Agaricales;f__Hydnangiaceae
SH122783.07FU_AY174814_refs	k__Fungi;p__Basidiomycota;c__Agaricomycetes;o__Agaricales;f__Cortinariaceae
SH109119.07FU_GQ376102_refs	k__Fungi;p__Ascomycota;c__Eurotiomycetes;o__Onygenales;f__Gymnoascaceae
SH076464.07FU_AM882971_refs	k__Fungi;p__Basidiomycota;c__Agaricomycetes;o__Agaricales;f__Inocybaceae
SH120978.07FU_KJ162317_reps	k__Fungi;p__Ascomycota;c__Lecanoromycetes;o__Lecideales;f__Porpidiaceae
SH101700.07FU_AB030327_refs	k__Fungi;p__Basidiomycota;c__Microbotryomycetes;o__Sporidiobolales;f__Sporidiobolaceae
SH110252.07FU_HM036638_reps	k__Fungi;p__Ascomycota;c__Leotiomycetes;o__Helotiales;f__Helotiales_fam_Incertae_sedis
SH105594.07FU_JQ070491_reps	k__Fungi;p__Ascomycota;c__Eurotiomycetes;o__Chaetothyriales;f__Herpotrichiellaceae
SH128216.07FU_JQ815078_reps	k__Fungi;p__Ascomycota;c__Sordariomycetes;o__Hypocreales;f__Hypocreales_fam_Incertae_sedis
SH110970.07FU_EF197074_reps	k__Fungi;p__Ascomycota;c__Sordariomycetes;o__Sordariales;f__Lasiosphaeriaceae
SH108245.07FU_U66008_reps	k__Fungi;p__Ascomycota;c__Pezizomycetes;o__Pezizales;f__Sarcoscyphaceae
SH105590.07FU_JF747054_refs	k__Fungi;p__Ascomycota;c__Eurotiomycetes;o__Chaetothyriales;f__Herpotrichiellaceae
SH121476.07FU_KF827451_reps	k__Fungi;p__Ascomycota;c__Pezizomycotina_cls_Incertae_sedis;o__Pezizomycotina_ord_Incertae_sedis;f__Pezizomycotina_fam_Incertae_sedis
SH122672.07FU_AF175508_reps	k__Fungi;p__Ascomycota;c__Dothideomycetes;o__Botryosphaeriales;f__Botryosphaeriaceae
SH096263.07FU_EU343803_refs	k__Fungi;p__Ascomycota;c__Saccharomycetes;o__Saccharomycetales;f__Saccharomycetales_fam_Incertae_sedis
SH538594.07FU_KP308760_reps	k__Fungi;p__Basidiomycota;c__Agaricomycetes;o__Agaricales;f__Inocybaceae
SH132542.07FU_UDB003231_reps	k__Fungi;p__Basidiomycota;c__Agaricomycetes;o__Russulales;f__Russulaceae
SH537358.07FU_KR011135_reps	k__Fungi;p__Basidiomycota;c__Agaricomycetes;o__Agaricales;f__Cortinariaceae
SH107555.07FU_KJ706645_reps	k__Fungi;p__Basidiomycota;c__Microbotryomycetes;o__Microbotryomycetes_ord_Incertae_sedis;f__Microbotryomycetes_fam_Incertae_sedis
SH092285.07FU_AY935514_refs	k__Fungi;p__Basidiomycota;c__Agaricomycetes;o__Boletales;f__Sclerodermataceae
SH080501.07FU_KJ128264_refs	k__Fungi;p__Basidiomycota;c__Agaricomycetes;o__Agaricales;f__Omphalotaceae
SH083418.07FU_KT229613_refs	k__Fungi;p__Basidiomycota;c__Agaricomycetes;o__Agaricales;f__Inocybaceae
SH542144.07FU_KP135040_reps	k__Fungi;p__Basidiomycota;c__Agaricomycetes;o__Polyporales;f__Phanerochaetaceae
SH134603.07FU_FJ596903_reps	k__Fungi;p__Basidiomycota;c__Agaricomycetes;o__Russulales;f__Russulaceae
SH133195.07FU_UDB019532_reps	k__Fungi;p__Basidiomycota;c__Agaricomycetes;o__Agaricales;f__Bolbitiaceae
SH093355.07FU_FJ596861_reps	k__Fungi;p__Basidiomycota;c__Agaricomycetes;o__Agaricales;f__Strophariaceae
SH546987.07FU_UDB022699_refs	k__Fungi;p__Basidiomycota;c__Agaricomycetes;o__Agaricales;f__Tricholomataceae
SH102909.07FU_AY693976_refs	k__Fungi;p__Ascomycota;c__Dothideomycetes;o__Botryosphaeriales;f__Botryosphaeriaceae
SH115393.07FU_GU384878_reps	k__Fungi;p__Ascomycota;c__Lecanoromycetes;o__Lecanorales;f__Parmeliaceae
SH134277.07FU_UDB016364_refs	k__Fungi;p__Basidiomycota;c__Agaricomycetes;o__Hymenochaetales;f__Schizoporaceae
SH125114.07FU_AF444533_refs	k__Fungi;p__Basidiomycota;c__Microbotryomycetes;o__Sporidiobolales;f__Sporidiobolales_fam_Incertae_sedis
SH082062.07FU_EU718093_reps	k__Fungi;p__Basidiomycota;c__Agaricomycetes;o__Boletales;f__Calostomataceae
SH112084.07FU_FJ172251_refs	k__Fungi;p__Ascomycota;c__Saccharomycetes;o__Saccharomycetales;f__Saccharomycetales_fam_Incertae_sedis
SH112075.07FU_HQ283378_refs	k__Fungi;p__Ascomycota;c__Saccharomycetes;o__Saccharomycetales;f__Saccharomycetales_fam_Incertae_sedis
SH129939.07FU_AB628197_reps	k__Fungi;p__Chytridiomycota;c__Chytridiomycetes;o__Olpidiales;f__Olpidiaceae
SH536333.07FU_KM409627_reps	k__Fungi;p__Basidiomycota;c__Tremellomycetes;o__Cystofilobasidiales;f__Cystofilobasidiaceae
SH127472.07FU_UDB002289_refs	k__Fungi;p__Basidiomycota;c__Agaricomycetes;o__Boletales;f__Boletaceae
SH092864.07FU_UDB011113_refs	k__Fungi;p__Basidiomycota;c__Agaricomycetes;o__Russulales;f__Russulaceae
SH097757.07FU_AY450342_reps	k__Fungi;p__Basidiomycota;c__Agaricomycetes;o__Agaricales;f__Pleurotaceae
SH113645.07FU_GQ505688_refs	k__Fungi;p__Ascomycota;c__Sordariomycetes;o__Hypocreales;f__Nectriaceae
SH087869.07FU_HM005146_refs	k__Fungi;p__Basidiomycota;c__Agaricomycetes;o__Agaricales;f__Physalacriaceae
SH110300.07FU_AF141174_reps	k__Fungi;p__Ascomycota;c__Leotiomycetes;o__Helotiales;f__Dermateaceae
SH083640.07FU_AB520500_reps	k__Fungi;p__Zygomycota;c__Mortierellomycotina_cls_Incertae_sedis;o__Mortierellales;f__Mortierellaceae
SH104014.07FU_AB116843_reps	k__Fungi;p__Basidiomycota;c__Pucciniomycetes;o__Pucciniales;f__Melampsoraceae
SH542958.07FU_KF380892_reps	k__Fungi;p__Ascomycota;c__Lecanoromycetes;o__Lecanorales;f__Parmeliaceae
SH078582.07FU_EU833654_reps	k__Fungi;p__Basidiomycota;c__Agaricomycetes;o__Agaricales;f__Agaricaceae
SH124515.07FU_GQ203808_refs	k__Fungi;p__Basidiomycota;c__Agaricomycetes;o__Agaricales;f__Agaricaceae
SH081746.07FU_FJ160941_reps	k__Fungi;p__Zygomycota;c__Mucoromycotina_cls_Incertae_sedis;o__Mucorales;f__Mucoraceae
SH077790.07FU_DQ135999_reps	k__Fungi;p__Ascomycota;c__Sordariomycetes;o__Hypocreales;f__Bionectriaceae
SH087129.07FU_AJ419224_refs	k__Fungi;p__Basidiomycota;c__Agaricomycetes;o__Russulales;f__Stephanosporaceae
SH081967.07FU_GU117897_refs	k__Fungi;p__Ascomycota;c__Dothideomycetes;o__Dothideomycetes_ord_Incertae_sedis;f__Dothideomycetes_fam_Incertae_sedis
SH094291.07FU_DQ102671_refs	k__Fungi;p__Basidiomycota;c__Agaricomycetes;o__Agaricales;f__Cortinariaceae
SH133741.07FU_AF266710_reps	k__Fungi;p__Basidiomycota;c__Agaricomycetes;o__Boletales;f__Rhizopogonaceae
SH134151.07FU_AY944872_refs	k__Fungi;p__Zygomycota;c__Mucoromycotina_cls_Incertae_sedis;o__Mucorales;f__Cunninghamellaceae
SH077621.07FU_AB534175_refs	k__Fungi;p__Ascomycota;c__Saccharomycetes;o__Saccharomycetales;f__Saccharomycetales_fam_Incertae_sedis
SH103153.07FU_HM171679_refs	k__Fungi;p__Ascomycota;c__Sordariomycetes;o__Sordariomycetidae_ord_Incertae_sedis;f__Glomerellaceae
SH080703.07FU_HM466665_refs	k__Fungi;p__Ascomycota;c__Sordariomycetes;o__Hypocreales;f__Hypocreaceae
SH132063.07FU_UDB001581_refs	k__Fungi;p__Basidiomycota;c__Agaricomycetes;o__Agaricales;f__Strophariaceae
SH077073.07FU_EU258677_reps	k__Fungi;p__Basidiomycota;c__Agaricomycetes;o__Agaricales;f__Agaricaceae
SH087952.07FU_AB304152_refs	k__Fungi;p__Ascomycota;c__Saccharomycetes;o__Saccharomycetales;f__Saccharomycetaceae
SH112082.07FU_FJ623607_refs	k__Fungi;p__Ascomycota;c__Saccharomycetes;o__Saccharomycetales;f__Saccharomycetales_fam_Incertae_sedis
SH119807.07FU_HQ604779_reps	k__Fungi;p__Basidiomycota;c__Agaricomycetes;o__Agaricales;f__Inocybaceae
SH080640.07FU_KF516962_reps	k__Fungi;p__Ascomycota;c__Sordariomycetes;o__Trichosphaeriales;f__Trichosphaeriales_fam_Incertae_sedis
SH135766.07FU_KP087989_reps	k__Fungi;p__Basidiomycota;c__Agaricomycetes;o__Agaricales;f__Cortinariaceae
SH112375.07FU_AJ488263_reps	k__Fungi;p__Ascomycota;c__Sordariomycetes;o__Hypocreales;f__Ophiocordycipitaceae
SH098655.07FU_UDB017913_reps	k__Fungi;p__Basidiomycota;c__Agaricomycetes;o__Agaricales;f__Tricholomataceae
SH086270.07FU_JN102545_reps	k__Fungi;p__Basidiomycota;c__Agaricomycetes;o__Agaricales;f__Cortinariaceae
SH079795.07FU_AJ585469_reps	k__Fungi;p__Basidiomycota;c__Agaricomycetes;o__Agaricales;f__Strophariaceae
SH115980.07FU_UDB015517_refs	k__Fungi;p__Basidiomycota;c__Agaricomycetes;o__Agaricales;f__Mycenaceae
SH094376.07FU_EU433389_reps	k__Fungi;p__Basidiomycota;c__Agaricomycetes;o__Agaricales;f__Cortinariaceae
SH122288.07FU_GU291260_refs	k__Fungi;p__Ascomycota;c__Saccharomycetes;o__Saccharomycetales;f__Saccharomycetales_fam_Incertae_sedis
SH094326.07FU_UDB001331_reps	k__Fungi;p__Basidiomycota;c__Agaricomycetes;o__Agaricales;f__Cortinariaceae
SH112068.07FU_EU343843_refs	k__Fungi;p__Ascomycota;c__Saccharomycetes;o__Saccharomycetales;f__Saccharomycetales_fam_Incertae_sedis
SH108959.07FU_AY626987_reps	k__Fungi;p__Ascomycota;c__Dothideomycetes;o__Capnodiales;f__Teratosphaeriaceae
SH538335.07FU_KR476745_refs	k__Fungi;p__Ascomycota;c__Sordariomycetes;o__Diaporthales;f__Melanconidaceae
SH085028.07FU_UDB000322_refs	k__Fungi;p__Basidiomycota;c__Agaricomycetes;o__Russulales;f__Russulaceae
SH132075.07FU_HG007978_refs	k__Fungi;p__Basidiomycota;c__Agaricomycetes;o__Agaricales;f__Strophariaceae
SH135629.07FU_KF732552_refs	k__Fungi;p__Basidiomycota;c__Agaricomycetes;o__Agaricales;f__Cortinariaceae
SH107080.07FU_JF261459_refs	k__Fungi;p__Ascomycota;c__Dothideomycetes;o__Botryosphaeriales;f__Botryosphaeriaceae
SH113927.07FU_AB712266_refs	k__Fungi;p__Ascomycota;c__Sordariomycetes;o__Hypocreales;f__Cordycipitaceae
SH096141.07FU_HM161999_reps	k__Fungi;p__Ascomycota;c__Dothideomycetes;o__Pleosporales;f__Pleosporales_fam_Incertae_sedis
SH097811.07FU_AY218432_reps	k__Fungi;p__Basidiomycota;c__Agaricomycetes;o__Polyporales;f__Sparassidaceae
SH121792.07FU_GQ303283_refs	k__Fungi;p__Ascomycota;c__Pezizomycotina_cls_Incertae_sedis;o__Pezizomycotina_ord_Incertae_sedis;f__Pezizomycotina_fam_Incertae_sedis
SH128112.07FU_UDB000640_refs	k__Fungi;p__Basidiomycota;c__Agaricomycetes;o__Agaricales;f__Inocybaceae
SH123011.07FU_GQ500913_reps	k__Fungi;p__Ascomycota;c__Lecanoromycetes;o__Lecanorales;f__Cladoniaceae
SH095399.07FU_UDB000034_reps	k__Fungi;p__Basidiomycota;c__Agaricomycetes;o__Thelephorales;f__Thelephoraceae
SH127057.07FU_AB213442_reps	k__Fungi;p__Ascomycota;c__Dothideomycetes;o__Dothideomycetidae_ord_Incertae_sedis;f__Eremomycetaceae
SH130993.07FU_JQ724038_reps	k__Fungi;p__Basidiomycota;c__Agaricomycetes;o__Agaricales;f__Strophariaceae
SH085454.07FU_AY789352_reps	k__Fungi;p__Ascomycota;c__Leotiomycetes;o__Helotiales;f__Helotiales_fam_Incertae_sedis
SH101164.07FU_GQ344595_reps	k__Fungi;p__Ascomycota;c__Eurotiomycetes;o__Verrucariales;f__Verrucariaceae
SH098882.07FU_JF908086_reps	k__Fungi;p__Basidiomycota;c__Agaricomycetes;o__Hysterangiales;f__Hysterangiaceae
SH473725.07FU_KC155380_reps	k__Fungi;p__Basidiomycota;c__Agaricomycetes;o__Boletales;f__Boletaceae
SH116496.07FU_EF157731_reps	k__Fungi;p__Ascomycota;c__Dothideomycetes;o__Capnodiales;f__Mycosphaerellaceae
SH092689.07FU_JQ781858_refs	k__Fungi;p__Basidiomycota;c__Agaricomycetes;o__Polyporales;f__Ganodermataceae
SH134293.07FU_UDB019678_reps	k__Fungi;p__Basidiomycota;c__Agaricomycetes;o__Polyporales;f__Fomitopsidaceae
SH119805.07FU_EU326157_reps	k__Fungi;p__Basidiomycota;c__Agaricomycetes;o__Agaricales;f__Inocybaceae
SH096664.07FU_UDB011569_refs	k__Fungi;p__Basidiomycota;c__Agaricomycetes;o__Agaricales;f__Tricholomataceae
SH125371.07FU_GQ852755_refs	k__Fungi;p__Ascomycota;c__Dothideomycetes;o__Capnodiales;f__Mycosphaerellaceae
SH112772.07FU_AB524809_refs	k__Fungi;p__Ascomycota;c__Dothideomycetes;o__Pleosporales;f__Tetraplosphaeriaceae
SH103483.07FU_UDB018002_reps	k__Fungi;p__Basidiomycota;c__Agaricomycetes;o__Agaricales;f__Hygrophoraceae
SH545373.07FU_KP899105_reps	k__Fungi;p__Ascomycota;c__Dothideomycetes;o__Pleosporales;f__Pleosporaceae
SH078563.07FU_FR682327_reps	k__Fungi;p__Basidiomycota;c__Agaricomycetes;o__Agaricales;f__Agaricaceae
SH129159.07FU_AY498666_reps	k__Fungi;p__Ascomycota;c__Lecanoromycetes;o__Teloschistales;f__Physciaceae
SH104363.07FU_AF444415_refs	k__Fungi;p__Basidiomycota;c__Tremellomycetes;o__Trichosporonales;f__Trichosporonaceae
SH107342.07FU_GQ852841_refs	k__Fungi;p__Ascomycota;c__Dothideomycetes;o__Capnodiales;f__Mycosphaerellaceae
SH119782.07FU_EU846308_refs	k__Fungi;p__Basidiomycota;c__Agaricomycetes;o__Boletales;f__Rhizopogonaceae
SH123254.07FU_AY532012_reps	k__Fungi;p__Ascomycota;c__Sordariomycetes;o__Hypocreales;f__Cordycipitaceae
SH107113.07FU_KC492456_reps	k__Fungi;p__Ascomycota;c__Dothideomycetes;o__Botryosphaeriales;f__Botryosphaeriaceae
SH130198.07FU_JN206159_refs	k__Fungi;p__Zygomycota;c__Mucoromycotina_cls_Incertae_sedis;o__Mucorales;f__Mucoraceae
SH102262.07FU_AF054860_refs	k__Fungi;p__Ascomycota;c__Sordariomycetes;o__Hypocreales;f__Hypocreaceae
SH537368.07FU_KT284910_reps	k__Fungi;p__Basidiomycota;c__Agaricomycetes;o__Agaricales;f__Agaricaceae
SH129814.07FU_AJ289618_reps	k__Fungi;p__Basidiomycota;c__Agaricomycetes;o__Hymenochaetales;f__Hymenochaetaceae
SH122280.07FU_GU723779_reps	k__Fungi;p__Ascomycota;c__Sordariomycetes;o__Hypocreales;f__Ophiocordycipitaceae
SH106253.07FU_JX109860_refs	k__Fungi;p__Basidiomycota;c__Agaricomycetes;o__Polyporales;f__Polyporaceae
SH549992.07FU_KU515860_reps	k__Fungi;p__Basidiomycota;c__Agaricostilbomycetes;o__Agaricostilbales;f__Kondoaceae
SH093824.07FU_HM562158_refs	k__Fungi;p__Basidiomycota;c__Agaricomycetes;o__Agaricales;f__Pluteaceae
SH133267.07FU_JF908429_reps	k__Fungi;p__Basidiomycota;c__Agaricomycetes;o__Agaricales;f__Mycenaceae
SH136229.07FU_HQ874715_reps	k__Fungi;p__Ascomycota;c__Dothideomycetes;o__Botryosphaeriales;f__Botryosphaeriaceae
SH127339.07FU_KF689880_reps	k__Fungi;p__Ascomycota;c__Lecanoromycetes;o__Lecanorales;f__Lecanorales_fam_Incertae_sedis
SH085951.07FU_FM865540_reps	k__Fungi;p__Glomeromycota;c__Glomeromycetes;o__Glomerales;f__Glomeraceae
SH110112.07FU_UDB011782_refs	k__Fungi;p__Basidiomycota;c__Agaricomycetes;o__Agaricales;f__Strophariaceae
SH127211.07FU_UDB018072_reps	k__Fungi;p__Ascomycota;c__Pezizomycetes;o__Pezizales;f__Pyronemataceae
SH106036.07FU_FJ755819_reps	k__Fungi;p__Ascomycota;c__Eurotiomycetes;o__Eurotiales;f__Trichocomaceae
SH096740.07FU_AB811861_reps	k__Fungi;p__Basidiomycota;c__Agaricomycetes;o__Polyporales;f__Polyporaceae
SH076393.07FU_JX134600_reps	k__Fungi;p__Ascomycota;c__Sordariomycetes;o__Magnaporthales;f__Magnaporthaceae
SH109494.07FU_KC343112_refs	k__Fungi;p__Ascomycota;c__Sordariomycetes;o__Diaporthales;f__Diaporthaceae
SH538679.07FU_KP636805_reps	k__Fungi;p__Basidiomycota;c__Agaricomycetes;o__Agaricales;f__Inocybaceae
SH093155.07FU_JN006761_reps	k__Fungi;p__Ascomycota;c__Dothideomycetes;o__Pleosporales;f__Pleosporaceae
SH109712.07FU_UDB011406_refs	k__Fungi;p__Basidiomycota;c__Agaricomycetes;o__Agaricales;f__Agaricaceae
SH540462.07FU_HG938304_reps	k__Fungi;p__Glomeromycota;c__Glomeromycetes;o__Glomerales;f__Glomeraceae
SH087036.07FU_JF735302_refs	k__Fungi;p__Ascomycota;c__Sordariomycetes;o__Hypocreales;f__Nectriaceae
SH537365.07FU_KP096233_reps	k__Fungi;p__Basidiomycota;c__Agaricomycetes;o__Agaricales;f__Agaricaceae
SH125770.07FU_HQ022235_reps	k__Fungi;p__Ascomycota;c__Dothideomycetes;o__Hysteriales;f__Gloniaceae
SH134969.07FU_AF042424_reps	k__Fungi;p__Basidiomycota;c__Tremellomycetes;o__Tremellales;f__Sirobasidiaceae
SH086618.07FU_AY157490_refs	k__Fungi;p__Ascomycota;c__Eurotiomycetes;o__Eurotiales;f__Trichocomaceae
SH120601.07FU_AY214439_refs	k__Fungi;p__Ascomycota;c__Sordariomycetes;o__Hypocreales;f__Hypocreales_fam_Incertae_sedis
SH133934.07FU_UDB015814_refs	k__Fungi;p__Basidiomycota;c__Agaricomycetes;o__Agaricales;f__Amanitaceae
SH131464.07FU_KF617346_reps	k__Fungi;p__Basidiomycota;c__Agaricomycetes;o__Russulales;f__Russulaceae
SH099629.07FU_FJ845409_refs	k__Fungi;p__Basidiomycota;c__Agaricomycetes;o__Agaricales;f__Hygrophoraceae
SH110186.07FU_UDB015699_refs	k__Fungi;p__Basidiomycota;c__Agaricomycetes;o__Thelephorales;f__Bankeraceae
SH095175.07FU_GU731573_reps	k__Fungi;p__Basidiomycota;c__Agaricomycetes;o__Polyporales;f__Fomitopsidaceae
SH106276.07FU_JX049988_reps	k__Fungi;p__Basidiomycota;c__Agaricomycetes;o__Russulales;f__Amylostereaceae
SH112808.07FU_AF393682_reps	k__Fungi;p__Ascomycota;c__Dothideomycetes;o__Venturiales;f__Venturiaceae
SH096784.07FU_AY176407_reps	k__Fungi;p__Basidiomycota;c__Agaricomycetes;o__Agaricales;f__Agaricaceae
SH090501.07FU_EU236704_reps	k__Fungi;p__Ascomycota;c__Sordariomycetes;o__Diaporthales;f__Diaporthaceae
SH126616.07FU_HQ271355_reps	k__Fungi;p__Basidiomycota;c__Agaricomycetes;o__Agaricales;f__Entolomataceae
SH109946.07FU_JF723273_reps	k__Fungi;p__Basidiomycota;c__Agaricomycetes;o__Agaricales;f__Amanitaceae
SH130357.07FU_UDB011136_reps	k__Fungi;p__Basidiomycota;c__Agaricomycetes;o__Agaricales;f__Tricholomataceae
SH102537.07FU_KC774589_refs	k__Fungi;p__Ascomycota;c__Sordariomycetes;o__Xylariales;f__Xylariaceae
SH107071.07FU_AB454321_reps	k__Fungi;p__Ascomycota;c__Dothideomycetes;o__Botryosphaeriales;f__Botryosphaeriaceae
SH128240.07FU_DQ401101_reps	k__Fungi;p__Ascomycota;c__Lecanoromycetes;o__Lecanorales;f__Stereocaulaceae
SH082994.07FU_KF692077_reps	k__Fungi;p__Basidiomycota;c__Agaricomycetes;o__Agaricales;f__Pluteaceae
SH132823.07FU_DQ389687_refs	k__Fungi;p__Basidiomycota;c__Agaricomycetes;o__Agaricales;f__Psathyrellaceae
SH118101.07FU_AF097896_reps	k__Fungi;p__Ascomycota;c__Lecanoromycetes;o__Lecanorales;f__Parmeliaceae
SH098498.07FU_FJ820654_reps	k__Fungi;p__Basidiomycota;c__Agaricomycetes;o__Polyporales;f__Phanerochaetaceae
SH542814.07FU_KU173861_reps	k__Fungi;p__Ascomycota;c__Pezizomycotina_cls_Incertae_sedis;o__Pezizomycotina_ord_Incertae_sedis;f__Pezizomycotina_fam_Incertae_sedis
SH124536.07FU_EF512470_refs	k__Fungi;p__Ascomycota;c__Sordariomycetes;o__Diaporthales;f__Diaporthales_fam_Incertae_sedis
SH097613.07FU_UDB001533_reps	k__Fungi;p__Basidiomycota;c__Agaricomycetes;o__Cantharellales;f__Clavulinaceae
SH547027.07FU_KT232018_reps	k__Fungi;p__Ascomycota;c__Sordariomycetes;o__Hypocreales;f__Ophiocordycipitaceae
SH122347.07FU_AY854068_reps	k__Fungi;p__Basidiomycota;c__Agaricomycetes;o__Boletales;f__Boletaceae
SH481600.07FU_JQ301685_reps	k__Fungi;p__Ascomycota;c__Lecanoromycetes;o__Teloschistales;f__Teloschistaceae
SH097435.07FU_HQ318238_reps	k__Fungi;p__Basidiomycota;c__Agaricomycetes;o__Russulales;f__Russulaceae
SH105938.07FU_EF433987_reps	k__Fungi;p__Basidiomycota;c__Agaricomycetes;o__Atheliales;f__Atheliaceae
SH132920.07FU_KC992871_refs	k__Fungi;p__Basidiomycota;c__Agaricomycetes;o__Agaricales;f__Psathyrellaceae
SH537337.07FU_KR782306_reps	k__Fungi;p__Basidiomycota;c__Agaricomycetes;o__Boletales;f__Boletaceae
SH098198.07FU_FJ431274_reps	k__Fungi;p__Basidiomycota;c__Agaricomycetes;o__Agaricales;f__Marasmiaceae
SH107373.07FU_AY493349_reps	k__Fungi;p__Ascomycota;c__Saccharomycetes;o__Saccharomycetales;f__Saccharomycetales_fam_Incertae_sedis
SH091171.07FU_AB080523_refs	k__Fungi;p__Ascomycota;c__Leotiomycetes;o__Erysiphales;f__Erysiphaceae
SH117085.07FU_AF444547_refs	k__Fungi;p__Basidiomycota;c__Microbotryomycetes;o__Sporidiobolales;f__Sporidiobolales_fam_Incertae_sedis
SH131711.07FU_AB100440_reps	k__Fungi;p__Basidiomycota;c__Tremellomycetes;o__Tremellales;f__Tremellales_fam_Incertae_sedis
SH132839.07FU_JN159512_reps	k__Fungi;p__Basidiomycota;c__Agaricomycetes;o__Agaricales;f__Psathyrellaceae
SH539193.07FU_KR493461_reps	k__Fungi;p__Ascomycota;c__Pezizomycetes;o__Pezizales;f__Helvellaceae
SH086957.07FU_EU669376_reps	k__Fungi;p__Basidiomycota;c__Agaricomycetes;o__Boletales;f__Boletaceae
SH128065.07FU_KJ706665_reps	k__Fungi;p__Basidiomycota;c__Microbotryomycetes;o__Sporidiobolales;f__Sporidiobolales_fam_Incertae_sedis
SH134930.07FU_AY244623_reps	k__Fungi;p__Basidiomycota;c__Agaricomycetes;o__Agaricales;f__Lyophyllaceae
SH079553.07FU_AB284475_refs	k__Fungi;p__Basidiomycota;c__Agaricomycetes;o__Boletales;f__Suillaceae
SH539605.07FU_KM588676_refs	k__Fungi;p__Basidiomycota;c__Agaricomycetes;o__Agaricales;f__Physalacriaceae
SH131809.07FU_KJ706608_reps	k__Fungi;p__Ascomycota;c__Saccharomycetes;o__Saccharomycetales;f__Saccharomycetaceae
SH108993.07FU_AF309622_refs	k__Fungi;p__Ascomycota;c__Dothideomycetes;o__Capnodiales;f__Teratosphaeriaceae
SH080249.07FU_AY239307_reps	k__Fungi;p__Basidiomycota;c__Agaricomycetes;o__Russulales;f__Russulaceae
SH090007.07FU_KJ009780_reps	k__Fungi;p__Basidiomycota;c__Agaricomycetes;o__Agaricales;f__Pluteaceae
SH123217.07FU_AF347612_refs	k__Fungi;p__Ascomycota;c__Sordariomycetes;o__Hypocreales;f__Cordycipitaceae
SH097735.07FU_AF310189_reps	k__Fungi;p__Basidiomycota;c__Exobasidiomycetes;o__Tilletiales;f__Tilletiaceae
SH125878.07FU_UDB000098_refs	k__Fungi;p__Basidiomycota;c__Agaricomycetes;o__Agaricales;f__Inocybaceae
SH116696.07FU_DQ885902_reps	k__Fungi;p__Ascomycota;c__Dothideomycetes;o__Capnodiales;f__Mycosphaerellaceae
SH091084.07FU_EU558718_reps	k__Fungi;p__Ascomycota;c__Lecanoromycetes;o__Peltigerales;f__Lobariaceae
SH129532.07FU_AB855781_reps	k__Fungi;p__Ascomycota;c__Sordariomycetes;o__Hypocreales;f__Nectriaceae
SH077792.07FU_HM054144_reps	k__Fungi;p__Ascomycota;c__Sordariomycetes;o__Hypocreales;f__Nectriaceae
SH125946.07FU_KF000452_refs	k__Fungi;p__Basidiomycota;c__Agaricomycetes;o__Sebacinales;f__Sebacinaceae
SH091764.07FU_KF206176_refs	k__Fungi;p__Ascomycota;c__Dothideomycetes;o__Botryosphaeriales;f__Botryosphaeriaceae
SH082413.07FU_DQ408768_reps	k__Fungi;p__Basidiomycota;c__Agaricomycetes;o__Thelephorales;f__Bankeraceae
SH537179.07FU_KP729275_reps	k__Fungi;p__Basidiomycota;c__Agaricomycetes;o__Auriculariales;f__Auriculariales_fam_Incertae_sedis
SH079381.07FU_DQ836775_refs	k__Fungi;p__Ascomycota;c__Dothideomycetes;o__Pleosporales;f__Pleosporaceae
SH133569.07FU_JX504169_reps	k__Fungi;p__Basidiomycota;c__Agaricomycetes;o__Agaricales;f__Hydnangiaceae
SH105791.07FU_HQ845121_refs	k__Fungi;p__Basidiomycota;c__Agaricomycetes;o__Agaricales;f__Cortinariaceae
SH090010.07FU_KJ009660_reps	k__Fungi;p__Basidiomycota;c__Agaricomycetes;o__Agaricales;f__Pluteaceae
SH110344.07FU_AB481245_reps	k__Fungi;p__Ascomycota;c__Leotiomycetes;o__Helotiales;f__Hyaloscyphaceae
SH546860.07FU_KP165557_refs	k__Fungi;p__Basidiomycota;c__Agaricomycetes;o__Agaricales;f__Cortinariaceae
SH111786.07FU_UDB015719_refs	k__Fungi;p__Basidiomycota;c__Agaricomycetes;o__Agaricales;f__Hygrophoraceae
SH127397.07FU_EU623742_reps	k__Fungi;p__Basidiomycota;c__Agaricomycetes;o__Agaricales;f__Marasmiaceae
SH134068.07FU_FJ160945_reps	k__Fungi;p__Zygomycota;c__Mucoromycotina_cls_Incertae_sedis;o__Mucorales;f__Pilobolaceae
SH104068.07FU_UDB011527_refs	k__Fungi;p__Ascomycota;c__Pezizomycetes;o__Pezizales;f__Pyronemataceae
SH096752.07FU_JX310399_reps	k__Fungi;p__Basidiomycota;c__Agaricomycetes;o__Gomphales;f__Gomphaceae
SH120876.07FU_UDB011845_refs	k__Fungi;p__Basidiomycota;c__Agaricomycetes;o__Hymenochaetales;f__Hymenochaetaceae
SH081910.07FU_UDB019537_reps	k__Fungi;p__Basidiomycota;c__Agaricomycetes;o__Agaricales;f__Agaricales_fam_Incertae_sedis
SH114221.07FU_KJ706344_reps	k__Fungi;p__Basidiomycota;c__Microbotryomycetes;o__Microbotryomycetes_ord_Incertae_sedis;f__Microbotryomycetes_fam_Incertae_sedis
SH122645.07FU_GQ923865_refs	k__Fungi;p__Ascomycota;c__Dothideomycetes;o__Botryosphaeriales;f__Botryosphaeriaceae
SH102005.07FU_JQ009319_reps	k__Fungi;p__Ascomycota;c__Sordariomycetes;o__Xylariales;f__Xylariaceae
SH086069.07FU_AY487079_reps	k__Fungi;p__Ascomycota;c__Leotiomycetes;o__Leotiomycetes_ord_Incertae_sedis;f__Leotiomycetes_fam_Incertae_sedis
SH131968.07FU_EU480242_reps	k__Fungi;p__Ascomycota;c__Sordariomycetes;o__Hypocreales;f__Nectriaceae
SH080595.07FU_KF551217_reps	k__Fungi;p__Basidiomycota;c__Pucciniomycetes;o__Pucciniales;f__Pucciniastraceae
SH094441.07FU_UDB012509_reps	k__Fungi;p__Basidiomycota;c__Agaricomycetes;o__Agaricales;f__Cortinariaceae
SH080719.07FU_FJ860782_refs	k__Fungi;p__Ascomycota;c__Sordariomycetes;o__Hypocreales;f__Hypocreaceae
SH133111.07FU_HM590873_reps	k__Fungi;p__Basidiomycota;c__Agaricomycetes;o__Agaricales;f__Tricholomataceae
SH109755.07FU_AY999119_reps	k__Fungi;p__Ascomycota;c__Sordariomycetes;o__Sordariales;f__Lasiosphaeriaceae
SH099248.07FU_EF447347_reps	k__Fungi;p__Ascomycota;c__Dothideomycetes;o__Valsariales;f__Valsariaceae
SH135428.07FU_UDB001002_refs	k__Fungi;p__Basidiomycota;c__Agaricomycetes;o__Agaricales;f__Cortinariaceae
SH096291.07FU_KJ706597_reps	k__Fungi;p__Ascomycota;c__Saccharomycetes;o__Saccharomycetales;f__Saccharomycetales_fam_Incertae_sedis
SH543943.07FU_KP135100_reps	k__Fungi;p__Basidiomycota;c__Agaricomycetes;o__Polyporales;f__Phanerochaetaceae
SH090451.07FU_KC843307_refs	k__Fungi;p__Ascomycota;c__Sordariomycetes;o__Diaporthales;f__Diaporthaceae
SH100414.07FU_UDB016325_refs	k__Fungi;p__Basidiomycota;c__Agaricomycetes;o__Polyporales;f__Meruliaceae
SH127120.07FU_AY904341_reps	k__Fungi;p__Basidiomycota;c__Agaricomycetes;o__Agaricales;f__Strophariaceae
SH538493.07FU_AB904508_reps	k__Fungi;p__Ascomycota;c__Leotiomycetes;o__Helotiales;f__Rutstroemiaceae
SH096521.07FU_KF530734_refs	k__Fungi;p__Zygomycota;c__Mucoromycotina_cls_Incertae_sedis;o__Mucorales;f__Choanephoraceae
SH135621.07FU_FJ039639_reps	k__Fungi;p__Basidiomycota;c__Agaricomycetes;o__Agaricales;f__Cortinariaceae
SH108162.07FU_GQ337912_refs	k__Fungi;p__Basidiomycota;c__Agaricomycetes;o__Polyporales;f__Fomitopsidaceae
SH099085.07FU_AF096202_refs	k__Fungi;p__Ascomycota;c__Lecanoromycetes;o__Umbilicariales;f__Umbilicariaceae
SH094846.07FU_EU137321_reps	k__Fungi;p__Ascomycota;c__Eurotiomycetes;o__Chaetothyriales;f__Herpotrichiellaceae
SH104196.07FU_AB481254_reps	k__Fungi;p__Ascomycota;c__Leotiomycetes;o__Helotiales;f__Hyaloscyphaceae
SH094300.07FU_AY351630_reps	k__Fungi;p__Basidiomycota;c__Agaricomycetes;o__Agaricales;f__Cortinariaceae
SH112614.07FU_KC732511_reps	k__Fungi;p__Ascomycota;c__Lecanoromycetes;o__Peltigerales;f__Lobariaceae
SH076875.07FU_GU570423_reps	k__Fungi;p__Basidiomycota;c__Tremellomycetes;o__Tremellales;f__Tremellales_fam_Incertae_sedis
SH095147.07FU_AY956558_reps	k__Fungi;p__Basidiomycota;c__Pucciniomycetes;o__Pucciniales;f__Pucciniaceae
SH096536.07FU_AF491558_reps	k__Fungi;p__Ascomycota;c__Pezizomycetes;o__Pezizales;f__Pezizaceae
SH102400.07FU_EU179862_reps	k__Fungi;p__Ascomycota;c__Sordariomycetes;o__Xylariales;f__Xylariaceae
SH094010.07FU_JN164993_refs	k__Fungi;p__Basidiomycota;c__Agaricomycetes;o__Polyporales;f__Polyporaceae
SH079548.07FU_FJ552959_reps	k__Fungi;p__Basidiomycota;c__Agaricomycetes;o__Boletales;f__Suillaceae
SH131179.07FU_HQ847021_refs	k__Fungi;p__Basidiomycota;c__Agaricomycetes;o__Agaricales;f__Psathyrellaceae
SH106451.07FU_KC836086_reps	k__Fungi;p__Basidiomycota;c__Agaricostilbomycetes;o__Agaricostilbales;f__Chionosphaeraceae
SH080169.07FU_JN205815_refs	k__Fungi;p__Zygomycota;c__Mucoromycotina_cls_Incertae_sedis;o__Mucorales;f__Cunninghamellaceae
SH101817.07FU_FJ820585_reps	k__Fungi;p__Basidiomycota;c__Agaricomycetes;o__Auriculariales;f__Auriculariales_fam_Incertae_sedis
SH088163.07FU_JF313764_reps	k__Fungi;p__Basidiomycota;c__Agaricomycetes;o__Agaricales;f__Physalacriaceae
SH082292.07FU_DQ494696_reps	k__Fungi;p__Basidiomycota;c__Agaricomycetes;o__Agaricales;f__Inocybaceae
SH554002.07FU_KR019403_reps	k__Fungi;p__Ascomycota;c__Lecanoromycetes;o__Lecanorales;f__Cladoniaceae
SH083301.07FU_HQ604343_refs	k__Fungi;p__Basidiomycota;c__Agaricomycetes;o__Agaricales;f__Inocybaceae
SH116588.07FU_GU269870_reps	k__Fungi;p__Ascomycota;c__Dothideomycetes;o__Capnodiales;f__Capnodiales_fam_Incertae_sedis
SH095353.07FU_EU696791_reps	k__Fungi;p__Basidiomycota;c__Agaricomycetes;o__Thelephorales;f__Thelephoraceae
SH083587.07FU_AM882730_refs	k__Fungi;p__Basidiomycota;c__Agaricomycetes;o__Agaricales;f__Inocybaceae
SH128572.07FU_FJ357315_refs	k__Fungi;p__Ascomycota;c__Dothideomycetes;o__Pleosporales;f__Pleosporaceae
SH122536.07FU_EU010257_reps	k__Fungi;p__Ascomycota;c__Eurotiomycetes;o__Verrucariales;f__Verrucariaceae
SH076612.07FU_KC437643_reps	k__Fungi;p__Ascomycota;c__Lecanoromycetes;o__Peltigerales;f__Peltigeraceae
SH107411.07FU_KC775754_reps	k__Fungi;p__Ascomycota;c__Pezizomycotina_cls_Incertae_sedis;o__Pezizomycotina_ord_Incertae_sedis;f__Pezizomycotina_fam_Incertae_sedis
SH542548.07FU_KP638737_reps	k__Fungi;p__Ascomycota;c__Saccharomycetes;o__Saccharomycetales;f__Pichiaceae
SH118167.07FU_AF097899_reps	k__Fungi;p__Ascomycota;c__Lecanoromycetes;o__Lecanorales;f__Parmeliaceae
SH134322.07FU_JQ902075_reps	k__Fungi;p__Basidiomycota;c__Agaricomycetes;o__Russulales;f__Russulaceae
SH086970.07FU_KM027387_refs	k__Fungi;p__Basidiomycota;c__Agaricomycetes;o__Boletales;f__Boletaceae
SH536506.07FU_KT820104_reps	k__Fungi;p__Ascomycota;c__Eurotiomycetes;o__Pyrenulales;f__Pyrenulaceae
SH133132.07FU_HM639743_reps	k__Fungi;p__Basidiomycota;c__Pucciniomycetes;o__Pucciniales;f__Pileolariaceae
SH089213.07FU_JQ518279_reps	k__Fungi;p__Basidiomycota;c__Agaricomycetes;o__Polyporales;f__Meruliaceae
SH133126.07FU_FJ612922_reps	k__Fungi;p__Ascomycota;c__Sordariomycetes;o__Xylariales;f__Xylariaceae
SH099994.07FU_AJ131682_reps	k__Fungi;p__Ascomycota;c__Eurotiomycetes;o__Onygenales;f__Onygenaceae
SH129025.07FU_JQ003627_refs	k__Fungi;p__Basidiomycota;c__Agaricomycetes;o__Boletales;f__Boletaceae
SH133260.07FU_UDB011702_refs	k__Fungi;p__Basidiomycota;c__Agaricomycetes;o__Agaricales;f__Mycenaceae
SH096884.07FU_UDB019427_reps	k__Fungi;p__Basidiomycota;c__Agaricomycetes;o__Agaricales;f__Tricholomataceae
SH117561.07FU_KJ546125_reps	k__Fungi;p__Ascomycota;c__Dothideomycetes;o__Patellariales;f__Patellariaceae
SH099477.07FU_AM408417_reps	k__Fungi;p__Ascomycota;c__Lecanoromycetes;o__Teloschistales;f__Teloschistaceae
SH127876.07FU_KF800666_reps	k__Fungi;p__Basidiomycota;c__Agaricomycetes;o__Agaricomycetes_ord_Incertae_sedis;f__Agaricomycetes_fam_Incertae_sedis
SH094410.07FU_HM017846_refs	k__Fungi;p__Basidiomycota;c__Agaricomycetes;o__Agaricales;f__Cortinariaceae
SH117142.07FU_HQ876041_refs	k__Fungi;p__Ascomycota;c__Saccharomycetes;o__Saccharomycetales;f__Saccharomycetales_fam_Incertae_sedis
SH081558.07FU_DQ365614_reps	k__Fungi;p__Basidiomycota;c__Agaricomycetes;o__Gomphales;f__Gomphaceae
SH079346.07FU_EU598157_reps	k__Fungi;p__Basidiomycota;c__Agaricomycetes;o__Russulales;f__Russulaceae
SH091838.07FU_AY588112_reps	k__Fungi;p__Basidiomycota;c__Microbotryomycetes;o__Microbotryales;f__Microbotryaceae
SH080740.07FU_FJ860800_refs	k__Fungi;p__Ascomycota;c__Sordariomycetes;o__Hypocreales;f__Hypocreaceae
SH122062.07FU_KC581997_refs	k__Fungi;p__Basidiomycota;c__Agaricomycetes;o__Geastrales;f__Geastraceae
SH126680.07FU_AY204589_reps	k__Fungi;p__Ascomycota;c__Leotiomycetes;o__Leotiales;f__Leotiaceae
SH554019.07FU_KP133356_reps	k__Fungi;p__Ascomycota;c__Sordariomycetes;o__Xylariales;f__Xylariaceae
SH087114.07FU_EU697239_reps	k__Fungi;p__Basidiomycota;c__Agaricomycetes;o__Boletales;f__Gomphidiaceae
SH089621.07FU_JQ837948_reps	k__Fungi;p__Basidiomycota;c__Agaricomycetes;o__Hymenochaetales;f__Hymenochaetaceae
SH102045.07FU_AF444590_refs	k__Fungi;p__Basidiomycota;c__Cystobasidiomycetes;o__Cystobasidiales;f__Cystobasidiaceae
SH134452.07FU_AF168124_refs	k__Fungi;p__Ascomycota;c__Eurotiomycetes;o__Onygenales;f__Arthrodermataceae
SH088776.07FU_HG917294_reps	k__Fungi;p__Ascomycota;c__Dothideomycetes;o__Pleosporales;f__Sporormiaceae
SH090404.07FU_AF350295_reps	k__Fungi;p__Ascomycota;c__Lecanoromycetes;o__Peltigerales;f__Peltigeraceae
SH130455.07FU_UDB016038_refs	k__Fungi;p__Basidiomycota;c__Agaricomycetes;o__Russulales;f__Russulaceae
SH136224.07FU_JQ396946_reps	k__Fungi;p__Ascomycota;c__Dothideomycetes;o__Botryosphaeriales;f__Botryosphaeriaceae
SH122096.07FU_KC581970_reps	k__Fungi;p__Basidiomycota;c__Agaricomycetes;o__Geastrales;f__Geastraceae
SH080054.07FU_DQ449942_refs	k__Fungi;p__Basidiomycota;c__Agaricomycetes;o__Agaricales;f__Marasmiaceae
SH093741.07FU_FJ820706_reps	k__Fungi;p__Basidiomycota;c__Agaricomycetes;o__Trechisporales;f__Hydnodontaceae
SH131696.07FU_UDB019738_reps	k__Fungi;p__Basidiomycota;c__Agaricomycetes;o__Agaricales;f__Inocybaceae
SH083126.07FU_AJ319789_reps	k__Fungi;p__Glomeromycota;c__Glomeromycetes;o__Glomerales;f__Glomeraceae
SH125742.07FU_UDB016258_reps	k__Fungi;p__Basidiomycota;c__Agaricomycetes;o__Agaricales;f__Mycenaceae
SH106684.07FU_AB671500_reps	k__Fungi;p__Ascomycota;c__Leotiomycetes;o__Helotiales;f__Vibrisseaceae
SH128906.07FU_EU327191_reps	k__Fungi;p__Ascomycota;c__Pezizomycetes;o__Pezizales;f__Morchellaceae
SH133058.07FU_AY061663_reps	k__Fungi;p__Basidiomycota;c__Agaricomycetes;o__Russulales;f__Russulaceae
SH135383.07FU_UDB023490_reps	k__Fungi;p__Basidiomycota;c__Agaricomycetes;o__Agaricales;f__Cortinariaceae
SH120143.07FU_UDB011476_refs	k__Fungi;p__Ascomycota;c__Pezizomycetes;o__Pezizales;f__Morchellaceae
SH086393.07FU_AY740160_reps	k__Fungi;p__Basidiomycota;c__Ustilaginomycetes;o__Ustilaginales;f__Ustilaginaceae
SH118961.07FU_FM177696_reps	k__Fungi;p__Ascomycota;c__Eurotiomycetes;o__Eurotiales;f__Trichocomaceae
SH083845.07FU_UDB000893_reps	k__Fungi;p__Basidiomycota;c__Agaricomycetes;o__Russulales;f__Russulaceae
SH080827.07FU_UDB003329_refs	k__Fungi;p__Basidiomycota;c__Agaricomycetes;o__Thelephorales;f__Thelephoraceae
SH099420.07FU_DQ421272_reps	k__Fungi;p__Ascomycota;c__Dothideomycetes;o__Capnodiales;f__Teratosphaeriaceae
SH129937.07FU_AB665764_reps	k__Fungi;p__Chytridiomycota;c__Chytridiomycetes;o__Olpidiales;f__Olpidiaceae
SH094255.07FU_JX432963_refs	k__Fungi;p__Basidiomycota;c__Exobasidiomycetes;o__Exobasidiomycetidae_ord_Incertae_sedis;f__Exobasidiomycetidae_fam_Incertae_sedis
SH537361.07FU_KR493469_reps	k__Fungi;p__Ascomycota;c__Pezizomycetes;o__Pezizales;f__Helvellaceae
SH135247.07FU_AF182794_refs	k__Fungi;p__Basidiomycota;c__Agaricomycetes;o__Agaricales;f__Cortinariaceae
SH114114.07FU_KR873232_refs	k__Fungi;p__Ascomycota;c__Dothideomycetes;o__Pleosporales;f__Latoruaceae
SH101341.07FU_JN899379_refs	k__Fungi;p__Ascomycota;c__Eurotiomycetes;o__Eurotiales;f__Trichocomaceae
SH109369.07FU_JN693510_reps	k__Fungi;p__Ascomycota;c__Sordariomycetes;o__Diaporthales;f__Valsaceae
SH100316.07FU_HQ676155_reps	k__Fungi;p__Basidiomycota;c__Agaricomycetes;o__Polyporales;f__Polyporaceae
SH134419.07FU_EF595852_reps	k__Fungi;p__Basidiomycota;c__Agaricomycetes;o__Agaricales;f__Physalacriaceae
SH079572.07FU_L54105_refs	k__Fungi;p__Basidiomycota;c__Agaricomycetes;o__Boletales;f__Suillaceae
SH079899.07FU_HM060318_reps	k__Fungi;p__Basidiomycota;c__Agaricomycetes;o__Agaricales;f__Inocybaceae
SH088600.07FU_DQ450006_refs	k__Fungi;p__Basidiomycota;c__Agaricomycetes;o__Agaricales;f__Omphalotaceae
SH091467.07FU_EU166349_reps	k__Fungi;p__Basidiomycota;c__Agaricomycetes;o__Agaricales;f__Agaricaceae
SH553983.07FU_UDB024196_reps	k__Fungi;p__Ascomycota;c__Eurotiomycetes;o__Verrucariales;f__Verrucariaceae
SH086849.07FU_JX030011_reps	k__Fungi;p__Basidiomycota;c__Agaricomycetes;o__Boletales;f__Paxillaceae
SH085717.07FU_AY860542_reps	k__Fungi;p__Ascomycota;c__Lecanoromycetes;o__Teloschistales;f__Physciaceae
SH106350.07FU_DQ200842_reps	k__Fungi;p__Ascomycota;c__Pezizomycetes;o__Pezizales;f__Pezizaceae
SH109993.07FU_AB175229_reps	k__Fungi;p__Ascomycota;c__Eurotiomycetes;o__Eurotiales;f__Trichocomaceae
SH098108.07FU_AB378557_reps	k__Fungi;p__Ascomycota;c__Sordariomycetes;o__Hypocreales;f__Ophiocordycipitaceae
SH131681.07FU_HM245782_reps	k__Fungi;p__Basidiomycota;c__Agaricomycetes;o__Agaricales;f__Pleurotaceae
SH113123.07FU_EF198001_reps	k__Fungi;p__Ascomycota;c__Saccharomycetes;o__Saccharomycetales;f__Pichiaceae
SH104658.07FU_KJ850192_reps	k__Fungi;p__Glomeromycota;c__Glomeromycetes;o__Diversisporales;f__Diversisporaceae
SH090947.07FU_AJ877218_refs	k__Fungi;p__Ascomycota;c__Eurotiomycetes;o__Onygenales;f__Arthrodermataceae
SH094427.07FU_KF700241_refs	k__Fungi;p__Basidiomycota;c__Agaricomycetes;o__Agaricales;f__Cortinariaceae
SH130374.07FU_UDB011521_reps	k__Fungi;p__Basidiomycota;c__Agaricomycetes;o__Agaricales;f__Tricholomataceae
SH114386.07FU_AF444399_refs	k__Fungi;p__Basidiomycota;c__Tremellomycetes;o__Tremellales;f__Tremellales_fam_Incertae_sedis
SH081436.07FU_UDB000327_reps	k__Fungi;p__Basidiomycota;c__Agaricomycetes;o__Russulales;f__Russulaceae
SH089279.07FU_UDB003303_refs	k__Fungi;p__Basidiomycota;c__Agaricomycetes;o__Thelephorales;f__Thelephoraceae
SH097207.07FU_KF900127_reps	k__Fungi;p__Ascomycota;c__Sordariomycetes;o__Hypocreales;f__Hypocreaceae
SH115742.07FU_HM538459_reps	k__Fungi;p__Ascomycota;c__Lecanoromycetes;o__Teloschistales;f__Teloschistaceae
SH536837.07FU_KP765614_reps	k__Fungi;p__Basidiomycota;c__Agaricomycetes;o__Auriculariales;f__Auriculariales_fam_Incertae_sedis
SH092896.07FU_FJ664883_refs	k__Fungi;p__Ascomycota;c__Eurotiomycetes;o__Verrucariales;f__Verrucariaceae
SH113446.07FU_UDB000560_refs	k__Fungi;p__Basidiomycota;c__Agaricomycetes;o__Agaricales;f__Hygrophoraceae
SH094341.07FU_UDB019878_reps	k__Fungi;p__Basidiomycota;c__Agaricomycetes;o__Agaricales;f__Cortinariaceae
SH547068.07FU_KT758731_reps	k__Fungi;p__Ascomycota;c__Pezizomycetes;o__Pezizales;f__Tuberaceae
SH108026.07FU_JX524622_refs	k__Fungi;p__Basidiomycota;c__Agaricomycetes;o__Gloeophyllales;f__Gloeophyllaceae
SH105189.07FU_AB733161_reps	k__Fungi;p__Basidiomycota;c__Agaricomycetes;o__Polyporales;f__Fomitopsidaceae
SH109959.07FU_UDB017920_reps	k__Fungi;p__Basidiomycota;c__Agaricomycetes;o__Agaricales;f__Inocybaceae
SH121946.07FU_EU040213_reps	k__Fungi;p__Ascomycota;c__Dothideomycetes;o__Valsariales;f__Valsariaceae
SH090223.07FU_UDB011242_reps	k__Fungi;p__Basidiomycota;c__Agaricomycetes;o__Russulales;f__Russulaceae
SH082176.07FU_KC585285_reps	k__Fungi;p__Basidiomycota;c__Agaricomycetes;o__Polyporales;f__Fomitopsidaceae
SH129749.07FU_JX429222_refs	k__Fungi;p__Basidiomycota;c__Agaricomycetes;o__Agaricales;f__Tricholomataceae
SH079802.07FU_AJ585480_reps	k__Fungi;p__Basidiomycota;c__Agaricomycetes;o__Agaricales;f__Strophariaceae
SH131887.07FU_EU035462_reps	k__Fungi;p__Ascomycota;c__Dothideomycetes;o__Venturiales;f__Venturiaceae
SH084771.07FU_UDB008232_reps	k__Fungi;p__Basidiomycota;c__Agaricomycetes;o__Agaricales;f__Entolomataceae
SH132358.07FU_JF908248_reps	k__Fungi;p__Basidiomycota;c__Agaricomycetes;o__Agaricales;f__Inocybaceae
SH093639.07FU_GU207305_reps	k__Fungi;p__Basidiomycota;c__Agaricomycetes;o__Polyporales;f__Polyporaceae
SH116934.07FU_FR750022_refs	k__Fungi;p__Glomeromycota;c__Glomeromycetes;o__Archaeosporales;f__Archaeosporaceae
SH091128.07FU_EU913714_reps	k__Fungi;p__Ascomycota;c__Sordariomycetes;o__Ophiostomatales;f__Ophiostomataceae
SH111429.07FU_GU258299_refs	k__Fungi;p__Basidiomycota;c__Agaricomycetes;o__Russulales;f__Russulaceae
SH539196.07FU_AB934077_reps	k__Fungi;p__Ascomycota;c__Pezizomycotina_cls_Incertae_sedis;o__Pezizomycotina_ord_Incertae_sedis;f__Pezizomycotina_fam_Incertae_sedis
SH098559.07FU_DQ525496_reps	k__Fungi;p__Ascomycota;c__Lecanoromycetes;o__Acarosporales;f__Acarosporaceae
SH113053.07FU_KJ523037_reps	k__Fungi;p__Ascomycota;c__Lecanoromycetes;o__Peltigerales;f__Lobariaceae
SH536294.07FU_KF730000_reps	k__Fungi;p__Ascomycota;c__Sordariomycetes;o__Hypocreales;f__Hypocreaceae
SH090915.07FU_UDB011675_reps	k__Fungi;p__Basidiomycota;c__Agaricomycetes;o__Agaricales;f__Entolomataceae
SH080135.07FU_KF498570_reps	k__Fungi;p__Basidiomycota;c__Agaricomycetes;o__Russulales;f__Russulaceae
SH121599.07FU_JX036042_reps	k__Fungi;p__Ascomycota;c__Lecanoromycetes;o__Teloschistales;f__Physciaceae
SH111303.07FU_KC966124_reps	k__Fungi;p__Basidiomycota;c__Tremellomycetes;o__Cystofilobasidiales;f__Cystofilobasidiaceae
SH102897.07FU_AY339262_refs	k__Fungi;p__Ascomycota;c__Dothideomycetes;o__Botryosphaeriales;f__Botryosphaeriaceae
SH092693.07FU_KJ509597_reps	k__Fungi;p__Basidiomycota;c__Agaricomycetes;o__Polyporales;f__Ganodermataceae
SH081921.07FU_KF468706_reps	k__Fungi;p__Basidiomycota;c__Agaricomycetes;o__Agaricales;f__Hygrophoraceae
SH086478.07FU_KF432973_refs	k__Fungi;p__Basidiomycota;c__Agaricomycetes;o__Russulales;f__Russulaceae
SH113193.07FU_DQ104718_reps	k__Fungi;p__Ascomycota;c__Saccharomycetes;o__Saccharomycetales;f__Pichiaceae
SH113271.07FU_FM865604_refs	k__Fungi;p__Glomeromycota;c__Glomeromycetes;o__Glomerales;f__Glomeraceae
SH099370.07FU_AJ292410_refs	k__Fungi;p__Ascomycota;c__Sordariomycetes;o__Hypocreales;f__Clavicipitaceae
SH078065.07FU_JN417525_reps	k__Fungi;p__Glomeromycota;c__Glomeromycetes;o__Glomerales;f__Glomeraceae
SH128324.07FU_JF439190_reps	k__Fungi;p__Glomeromycota;c__Glomeromycetes;o__Glomerales;f__Glomeraceae
SH094383.07FU_KC608590_reps	k__Fungi;p__Basidiomycota;c__Agaricomycetes;o__Agaricales;f__Cortinariaceae
SH102702.07FU_KF313104_reps	k__Fungi;p__Ascomycota;c__Sordariomycetes;o__Sordariales;f__Chaetomiaceae
SH106033.07FU_U85800_reps	k__Fungi;p__Basidiomycota;c__Agaricomycetes;o__Hymenochaetales;f__Schizoporaceae
SH100599.07FU_KJ706664_reps	k__Fungi;p__Basidiomycota;c__Microbotryomycetes;o__Heterogastridiales;f__Heterogastridiaceae
SH114609.07FU_HM102502_reps	k__Fungi;p__Ascomycota;c__Sordariomycetes;o__Hypocreales;f__Nectriaceae
SH096473.07FU_UDB016189_reps	k__Fungi;p__Basidiomycota;c__Agaricomycetes;o__Cantharellales;f__Botryobasidiaceae
SH132543.07FU_KR025604_refs	k__Fungi;p__Basidiomycota;c__Agaricomycetes;o__Russulales;f__Russulaceae
SH129751.07FU_JF908351_reps	k__Fungi;p__Basidiomycota;c__Agaricomycetes;o__Agaricales;f__Tricholomataceae
SH121509.07FU_FJ904679_reps	k__Fungi;p__Ascomycota;c__Lecanoromycetes;o__Ostropales;f__Stictidaceae
SH468797.07FU_AF444320_refs	k__Fungi;p__Basidiomycota;c__Tremellomycetes;o__Tremellales;f__Tremellales_fam_Incertae_sedis
SH093136.07FU_HE861854_refs	k__Fungi;p__Ascomycota;c__Dothideomycetes;o__Pleosporales;f__Pleosporaceae
SH102848.07FU_UDB015400_refs	k__Fungi;p__Ascomycota;c__Leotiomycetes;o__Rhytismatales;f__Cudoniaceae
SH132915.07FU_DQ389710_refs	k__Fungi;p__Basidiomycota;c__Agaricomycetes;o__Agaricales;f__Psathyrellaceae
SH086146.07FU_AF444379_refs	k__Fungi;p__Basidiomycota;c__Tremellomycetes;o__Tremellales;f__Tremellales_fam_Incertae_sedis
SH118840.07FU_KF251167_refs	k__Fungi;p__Ascomycota;c__Dothideomycetes;o__Pleosporales;f__Pleosporales_fam_Incertae_sedis
SH125935.07FU_KC686899_reps	k__Fungi;p__Basidiomycota;c__Agaricomycetes;o__Sebacinales;f__Sebacinaceae
SH110817.07FU_KF719197_reps	k__Fungi;p__Ascomycota;c__Sordariomycetes;o__Xylariales;f__Xylariaceae
SH099383.07FU_AJ309332_reps	k__Fungi;p__Ascomycota;c__Sordariomycetes;o__Hypocreales;f__Clavicipitaceae
SH088347.07FU_KF291057_refs	k__Fungi;p__Basidiomycota;c__Agaricomycetes;o__Agaricales;f__Hygrophoraceae
SH127730.07FU_UDB014125_refs	k__Fungi;p__Basidiomycota;c__Agaricomycetes;o__Atheliales;f__Atheliaceae
SH100760.07FU_JF908544_refs	k__Fungi;p__Ascomycota;c__Pezizomycetes;o__Pezizales;f__Pezizaceae
SH111267.07FU_JF908093_reps	k__Fungi;p__Basidiomycota;c__Agaricomycetes;o__Agaricales;f__Inocybaceae
SH102657.07FU_AJ893243_reps	k__Fungi;p__Ascomycota;c__Pezizomycetes;o__Pezizales;f__Pyronemataceae
SH088482.07FU_GQ852749_refs	k__Fungi;p__Ascomycota;c__Dothideomycetes;o__Capnodiales;f__Teratosphaeriaceae
SH133626.07FU_JQ396458_reps	k__Fungi;p__Basidiomycota;c__Agaricomycetes;o__Agaricales;f__Amanitaceae
SH134251.07FU_JX416535_reps	k__Fungi;p__Ascomycota;c__Sordariomycetes;o__Hypocreales;f__Hypocreaceae
SH088431.07FU_KF057507_reps	k__Fungi;p__Ascomycota;c__Saccharomycetes;o__Saccharomycetales;f__Saccharomycodaceae
SH538630.07FU_KM248967_reps	k__Fungi;p__Basidiomycota;c__Agaricomycetes;o__Boletales;f__Boletaceae
SH130559.07FU_JN943330_reps	k__Fungi;p__Ascomycota;c__Sordariomycetes;o__Hypocreales;f__Ophiocordycipitaceae
SH102700.07FU_HM449047_reps	k__Fungi;p__Ascomycota;c__Sordariomycetes;o__Sordariales;f__Chaetomiaceae
SH118173.07FU_KC978847_reps	k__Fungi;p__Ascomycota;c__Lecanoromycetes;o__Lecanorales;f__Parmeliaceae
SH132534.07FU_KR025606_refs	k__Fungi;p__Basidiomycota;c__Agaricomycetes;o__Russulales;f__Russulaceae
SH129151.07FU_KF848854_reps	k__Fungi;p__Zygomycota;c__Kickxellomycotina_cls_Incertae_sedis;o__Kickxellales;f__Kickxellaceae
SH098757.07FU_KF306329_reps	k__Fungi;p__Basidiomycota;c__Agaricomycetes;o__Agaricales;f__Hygrophoraceae
SH134511.07FU_UDB023714_reps	k__Fungi;p__Basidiomycota;c__Agaricomycetes;o__Agaricales;f__Bolbitiaceae
SH101542.07FU_EU075540_reps	k__Fungi;p__Ascomycota;c__Lecanoromycetes;o__Lecanorales;f__Parmeliaceae
SH135728.07FU_KJ421181_reps	k__Fungi;p__Basidiomycota;c__Agaricomycetes;o__Agaricales;f__Cortinariaceae
SH087303.07FU_KF251160_reps	k__Fungi;p__Ascomycota;c__Dothideomycetes;o__Pleosporales;f__Leptosphaeriaceae
SH092971.07FU_AB295460_refs	k__Fungi;p__Ascomycota;c__Leotiomycetes;o__Erysiphales;f__Erysiphaceae
SH133809.07FU_UDB001758_refs	k__Fungi;p__Basidiomycota;c__Agaricomycetes;o__Agaricales;f__Inocybaceae
SH087040.07FU_KF513278_reps	k__Fungi;p__Ascomycota;c__Sordariomycetes;o__Hypocreales;f__Nectriaceae
SH077053.07FU_UDB011152_reps	k__Fungi;p__Basidiomycota;c__Agaricomycetes;o__Agaricales;f__Agaricaceae
SH094377.07FU_AY641471_reps	k__Fungi;p__Basidiomycota;c__Agaricomycetes;o__Agaricales;f__Cortinariaceae
SH091045.07FU_KC987541_reps	k__Fungi;p__Basidiomycota;c__Agaricomycetes;o__Polyporales;f__Sparassidaceae
SH101248.07FU_JN943492_reps	k__Fungi;p__Ascomycota;c__Dothideomycetes;o__Myriangiales;f__Elsinoaceae
SH134610.07FU_JQ446121_reps	k__Fungi;p__Basidiomycota;c__Agaricomycetes;o__Russulales;f__Russulaceae
SH107259.07FU_KF381074_reps	k__Fungi;p__Ascomycota;c__Sordariomycetes;o__Xylariales;f__Xylariaceae
SH109471.07FU_EU718102_reps	k__Fungi;p__Basidiomycota;c__Agaricomycetes;o__Boletales;f__Gyroporaceae
SH092147.07FU_FJ171856_reps	k__Fungi;p__Ascomycota;c__Neolectomycetes;o__Neolectales;f__Neolectaceae
SH095969.07FU_JQ409283_reps	k__Fungi;p__Ascomycota;c__Pezizomycetes;o__Pezizales;f__Pezizaceae
SH093796.07FU_AY854968_reps	k__Fungi;p__Basidiomycota;c__Exobasidiomycetes;o__Entylomatales;f__Entylomataceae
SH096229.07FU_AM882755_refs	k__Fungi;p__Basidiomycota;c__Agaricomycetes;o__Agaricales;f__Inocybaceae
SH090284.07FU_UDB005263_reps	k__Fungi;p__Ascomycota;c__Pezizomycetes;o__Pezizales;f__Tuberaceae
SH124417.07FU_HM055451_reps	k__Fungi;p__Ascomycota;c__Sordariomycetes;o__Hypocreales;f__Clavicipitaceae
SH127516.07FU_KC492060_reps	k__Fungi;p__Ascomycota;c__Pezizomycetes;o__Pezizales;f__Pyronemataceae
SH133708.07FU_AJ810038_refs	k__Fungi;p__Basidiomycota;c__Agaricomycetes;o__Boletales;f__Rhizopogonaceae
SH124753.07FU_KF815739_reps	k__Fungi;p__Basidiomycota;c__Agaricomycetes;o__Agaricales;f__Amanitaceae
SH132623.07FU_KC732618_reps	k__Fungi;p__Ascomycota;c__Lecanoromycetes;o__Peltigerales;f__Lobariaceae
SH547723.07FU_KU934873_reps	k__Fungi;p__Ascomycota;c__Lecanoromycetes;o__Lecanorales;f__Lecanoraceae
SH088032.07FU_UDB018267_reps	k__Fungi;p__Ascomycota;c__Pezizomycotina_cls_Incertae_sedis;o__Pezizomycotina_ord_Incertae_sedis;f__Pezizomycotina_fam_Incertae_sedis
SH133285.07FU_KC965695_reps	k__Fungi;p__Basidiomycota;c__Agaricomycetes;o__Agaricales;f__Mycenaceae
SH120509.07FU_UDB011629_refs	k__Fungi;p__Basidiomycota;c__Agaricomycetes;o__Agaricales;f__Entolomataceae
SH094036.07FU_KC867392_reps	k__Fungi;p__Basidiomycota;c__Agaricomycetes;o__Polyporales;f__Polyporaceae
SH081858.07FU_HQ222006_refs	k__Fungi;p__Basidiomycota;c__Agaricomycetes;o__Agaricales;f__Inocybaceae
SH135048.07FU_JX444599_reps	k__Fungi;p__Ascomycota;c__Sordariomycetes;o__Microascales;f__Ceratocystidaceae
SH113632.07FU_HM060660_reps	k__Fungi;p__Ascomycota;c__Leotiomycetes;o__Rhytismatales;f__Rhytismataceae
SH094232.07FU_UDB004524_reps	k__Fungi;p__Basidiomycota;c__Agaricomycetes;o__Russulales;f__Russulaceae
SH102084.07FU_FN548153_reps	k__Fungi;p__Ascomycota;c__Sordariomycetes;o__Diaporthales;f__Gnomoniaceae
SH133649.07FU_FJ596865_reps	k__Fungi;p__Basidiomycota;c__Agaricomycetes;o__Agaricales;f__Amanitaceae
SH123632.07FU_HM802318_reps	k__Fungi;p__Basidiomycota;c__Agaricomycetes;o__Cantharellales;f__Tulasnellaceae
SH102264.07FU_EU553300_reps	k__Fungi;p__Ascomycota;c__Eurotiomycetes;o__Eurotiales;f__Trichocomaceae
SH539161.07FU_KR105643_reps	k__Fungi;p__Glomeromycota;c__Glomeromycetes;o__Glomerales;f__Glomeraceae
SH121218.07FU_JQ993738_reps	k__Fungi;p__Ascomycota;c__Lecanoromycetes;o__Lecanorales;f__Lecanoraceae
SH109866.07FU_KF702391_reps	k__Fungi;p__Basidiomycota;c__Agaricomycetes;o__Agaricales;f__Agaricaceae
SH112618.07FU_KC732686_reps	k__Fungi;p__Ascomycota;c__Lecanoromycetes;o__Peltigerales;f__Lobariaceae
SH090339.07FU_KJ780631_reps	k__Fungi;p__Basidiomycota;c__Agaricomycetes;o__Atheliales;f__Atheliaceae
SH096728.07FU_UDB002483_refs	k__Fungi;p__Basidiomycota;c__Agaricomycetes;o__Russulales;f__Russulaceae
SH079383.07FU_UDB005723_reps	k__Fungi;p__Ascomycota;c__Pezizomycetes;o__Pezizales;f__Tuberaceae
SH088483.07FU_AY220612_refs	k__Fungi;p__Ascomycota;c__Dothideomycetes;o__Capnodiales;f__Capnodiales_fam_Incertae_sedis
SH536614.07FU_KU057381_reps	k__Fungi;p__Basidiomycota;c__Agaricomycetes;o__Agaricales;f__Amanitaceae
SH101632.07FU_EU819489_reps	k__Fungi;p__Basidiomycota;c__Agaricomycetes;o__Agaricales;f__Amanitaceae
SH547028.07FU_LN810777_reps	k__Fungi;p__Ascomycota;c__Lecanoromycetes;o__Acarosporales;f__Acarosporaceae
SH082003.07FU_JQ647444_reps	k__Fungi;p__Ascomycota;c__Sordariomycetes;o__Hypocreomycetidae_ord_Incertae_sedis;f__Plectosphaerellaceae
SH091261.07FU_JN204187_reps	k__Fungi;p__Basidiomycota;c__Pucciniomycetes;o__Pucciniales;f__Pucciniaceae
SH111531.07FU_EU118644_refs	k__Fungi;p__Basidiomycota;c__Agaricomycetes;o__Boletales;f__Hygrophoropsidaceae
SH100426.07FU_HQ153414_reps	k__Fungi;p__Basidiomycota;c__Agaricomycetes;o__Polyporales;f__Meruliaceae
SH080211.07FU_UDB013969_reps	k__Fungi;p__Basidiomycota;c__Agaricomycetes;o__Russulales;f__Russulaceae
SH100022.07FU_EF452461_reps	k__Fungi;p__Ascomycota;c__Dothideomycetes;o__Pleosporales;f__Pleosporaceae
SH089033.07FU_EU057021_reps	k__Fungi;p__Basidiomycota;c__Agaricomycetes;o__Agaricales;f__Cortinariaceae
SH542024.07FU_KP133444_reps	k__Fungi;p__Ascomycota;c__Sordariomycetes;o__Xylariales;f__Xylariaceae
SH097943.07FU_HQ115653_reps	k__Fungi;p__Basidiomycota;c__Ustilaginomycetes;o__Ustilaginales;f__Ustilaginaceae
SH079578.07FU_L54099_refs	k__Fungi;p__Basidiomycota;c__Agaricomycetes;o__Boletales;f__Suillaceae
SH087081.07FU_GU136193_reps	k__Fungi;p__Basidiomycota;c__Agaricomycetes;o__Agaricales;f__Agaricaceae
SH102216.07FU_KC990379_reps	k__Fungi;p__Ascomycota;c__Lecanoromycetes;o__Lecanorales;f__Lecanoraceae
SH128116.07FU_EF200015_reps	k__Fungi;p__Basidiomycota;c__Ustilaginomycetes;o__Urocystidales;f__Glomosporiaceae
SH111015.07FU_KF049664_reps	k__Fungi;p__Ascomycota;c__Sordariomycetes;o__Hypocreales;f__Ophiocordycipitaceae
SH076457.07FU_GQ927299_reps	k__Fungi;p__Ascomycota;c__Lecanoromycetes;o__Peltigerales;f__Pannariaceae
SH135635.07FU_GU222287_reps	k__Fungi;p__Basidiomycota;c__Agaricomycetes;o__Agaricales;f__Cortinariaceae
SH094862.07FU_AY366929_reps	k__Fungi;p__Ascomycota;c__Eurotiomycetes;o__Chaetothyriales;f__Herpotrichiellaceae
SH099347.07FU_KJ706544_reps	k__Fungi;p__Ascomycota;c__Saccharomycetes;o__Saccharomycetales;f__Debaryomycetaceae
SH133515.07FU_EF505681_reps	k__Fungi;p__Basidiomycota;c__Pucciniomycetes;o__Pucciniales;f__Pucciniaceae
SH077076.07FU_HQ322269_reps	k__Fungi;p__Basidiomycota;c__Agaricomycetes;o__Agaricales;f__Agaricaceae
SH118371.07FU_AF516794_reps	k__Fungi;p__Ascomycota;c__Pezizomycetes;o__Pezizales;f__Tuberaceae
SH095059.07FU_KF644370_reps	k__Fungi;p__Ascomycota;c__Lecanoromycetes;o__Lecanorales;f__Stereocaulaceae
SH116305.07FU_KJ140542_refs	k__Fungi;p__Basidiomycota;c__Agaricomycetes;o__Polyporales;f__Polyporaceae
SH084148.07FU_AB671485_reps	k__Fungi;p__Ascomycota;c__Eurotiomycetes;o__Eurotiales;f__Eurotiales_fam_Incertae_sedis
SH084173.07FU_JF937043_reps	k__Fungi;p__Ascomycota;c__Lecanoromycetes;o__Lecanorales;f__Ramalinaceae
SH087756.07FU_KF530554_reps	k__Fungi;p__Basidiomycota;c__Agaricomycetes;o__Agaricales;f__Physalacriaceae
SH133937.07FU_HM119486_reps	k__Fungi;p__Basidiomycota;c__Agaricomycetes;o__Agaricales;f__Lyophyllaceae
SH081711.07FU_AF391001_refs	k__Fungi;p__Basidiomycota;c__Agaricomycetes;o__Agaricales;f__Agaricaceae
SH079157.07FU_UDB000367_reps	k__Fungi;p__Basidiomycota;c__Agaricomycetes;o__Russulales;f__Russulaceae
SH134892.07FU_AB614130_refs	k__Fungi;p__Ascomycota;c__Saccharomycetes;o__Saccharomycetales;f__Lipomycetaceae
SH115479.07FU_KJ706678_reps	k__Fungi;p__Basidiomycota;c__Cystobasidiomycetes;o__Cystobasidiomycetes_ord_Incertae_sedis;f__Symmetrosporaceae
SH537508.07FU_KP894253_reps	k__Fungi;p__Ascomycota;c__Dothideomycetes;o__Capnodiales;f__Mycosphaerellaceae
SH098714.07FU_UDB015551_refs	k__Fungi;p__Basidiomycota;c__Agaricomycetes;o__Agaricales;f__Lyophyllaceae
SH551046.07FU_KT820098_reps	k__Fungi;p__Ascomycota;c__Eurotiomycetes;o__Pyrenulales;f__Pyrenulaceae
SH132143.07FU_JQ393082_reps	k__Fungi;p__Basidiomycota;c__Agaricomycetes;o__Agaricales;f__Inocybaceae
SH122830.07FU_FJ157084_reps	k__Fungi;p__Basidiomycota;c__Agaricomycetes;o__Agaricales;f__Cortinariaceae
SH112487.07FU_AF224444_reps	k__Fungi;p__Ascomycota;c__Lecanoromycetes;o__Teloschistales;f__Physciaceae
SH079106.07FU_AF444426_refs	k__Fungi;p__Basidiomycota;c__Tremellomycetes;o__Tremellales;f__Tremellales_fam_Incertae_sedis
SH540633.07FU_KP204909_reps	k__Fungi;p__Ascomycota;c__Pezizomycetes;o__Pezizales;f__Sarcosomataceae
SH099922.07FU_KC222129_reps	k__Fungi;p__Ascomycota;c__Geoglossomycetes;o__Geoglossales;f__Geoglossaceae
SH106416.07FU_FR716676_reps	k__Fungi;p__Ascomycota;c__Sordariomycetes;o__Sordariales;f__Sordariales_fam_Incertae_sedis
SH091375.07FU_JX093561_reps	k__Fungi;p__Basidiomycota;c__Agaricomycetes;o__Cantharellales;f__Hydnaceae
SH106841.07FU_KC543129_refs	k__Fungi;p__Basidiomycota;c__Agaricomycetes;o__Polyporales;f__Fomitopsidaceae
SH113374.07FU_AY157950_reps	k__Fungi;p__Ascomycota;c__Sordariomycetes;o__Microascales;f__Ceratocystidaceae
SH123386.07FU_UDB011723_refs	k__Fungi;p__Basidiomycota;c__Agaricomycetes;o__Agaricales;f__Strophariaceae
SH125289.07FU_KC585321_reps	k__Fungi;p__Basidiomycota;c__Agaricomycetes;o__Polyporales;f__Meruliaceae
SH127569.07FU_UDB003187_refs	k__Fungi;p__Basidiomycota;c__Agaricomycetes;o__Agaricales;f__Strophariaceae
SH081706.07FU_UDB015536_reps	k__Fungi;p__Basidiomycota;c__Agaricomycetes;o__Agaricales;f__Agaricaceae
SH540748.07FU_KM371482_reps	k__Fungi;p__Ascomycota;c__Eurotiomycetes;o__Verrucariales;f__Verrucariaceae
SH135505.07FU_KF732287_refs	k__Fungi;p__Basidiomycota;c__Agaricomycetes;o__Agaricales;f__Cortinariaceae
SH117547.07FU_KC455237_refs	k__Fungi;p__Ascomycota;c__Eurotiomycetes;o__Chaetothyriales;f__Chaetothyriaceae
SH122145.07FU_HM582165_reps	k__Fungi;p__Ascomycota;c__Lecanoromycetes;o__Teloschistales;f__Teloschistaceae
SH107270.07FU_AF163027_reps	k__Fungi;p__Ascomycota;c__Sordariomycetes;o__Xylariales;f__Xylariaceae
SH099224.07FU_GQ281791_refs	k__Fungi;p__Ascomycota;c__Sordariomycetes;o__Diaporthales;f__Diaporthaceae
SH121054.07FU_KF002786_reps	k__Fungi;p__Basidiomycota;c__Agaricomycetes;o__Russulales;f__Russulaceae
SH131195.07FU_UDB019533_reps	k__Fungi;p__Basidiomycota;c__Agaricomycetes;o__Agaricales;f__Psathyrellaceae
SH086009.07FU_AF444305_refs	k__Fungi;p__Basidiomycota;c__Tremellomycetes;o__Tremellales;f__Tremellales_fam_Incertae_sedis
SH133892.07FU_EF190270_reps	k__Fungi;p__Ascomycota;c__Sordariomycetes;o__Hypocreales;f__Clavicipitaceae
SH077328.07FU_HM488765_reps	k__Fungi;p__Basidiomycota;c__Agaricomycetes;o__Agaricales;f__Agaricaceae
SH133782.07FU_GU300101_reps	k__Fungi;p__Ascomycota;c__Sordariomycetes;o__Xylariales;f__Xylariaceae
SH133933.07FU_UDB018472_reps	k__Fungi;p__Basidiomycota;c__Agaricomycetes;o__Thelephorales;f__Bankeraceae
SH080235.07FU_AY239313_reps	k__Fungi;p__Basidiomycota;c__Agaricomycetes;o__Russulales;f__Russulaceae
SH135271.07FU_KF732310_refs	k__Fungi;p__Basidiomycota;c__Agaricomycetes;o__Agaricales;f__Cortinariaceae
SH085128.07FU_HQ270127_reps	k__Fungi;p__Basidiomycota;c__Agaricomycetes;o__Cantharellales;f__Cantharellaceae
SH080820.07FU_JN197885_reps	k__Fungi;p__Basidiomycota;c__Agaricomycetes;o__Thelephorales;f__Thelephoraceae
SH135489.07FU_JQ287688_reps	k__Fungi;p__Basidiomycota;c__Agaricomycetes;o__Agaricales;f__Cortinariaceae
SH120712.07FU_JX867680_refs	k__Fungi;p__Ascomycota;c__Lecanoromycetes;o__Peltigerales;f__Nephromataceae
SH082008.07FU_U63473_reps	k__Fungi;p__Basidiomycota;c__Agaricomycetes;o__Hymenochaetales;f__Hymenochaetales_fam_Incertae_sedis
SH130067.07FU_AF508330_reps	k__Fungi;p__Basidiomycota;c__Agaricomycetes;o__Agaricomycetes_ord_Incertae_sedis;f__Agaricomycetes_fam_Incertae_sedis
SH136198.07FU_JQ397106_reps	k__Fungi;p__Ascomycota;c__Dothideomycetes;o__Botryosphaeriales;f__Botryosphaeriaceae
SH547225.07FU_KP257140_reps	k__Fungi;p__Basidiomycota;c__Agaricomycetes;o__Agaricales;f__Clavariaceae
SH102679.07FU_JN659478_reps	k__Fungi;p__Ascomycota;c__Eurotiomycetes;o__Onygenales;f__Onygenales_fam_Incertae_sedis
SH081573.07FU_HM480490_reps	k__Fungi;p__Ascomycota;c__Dothideomycetes;o__Capnodiales;f__Capnodiaceae
SH104218.07FU_AB481261_reps	k__Fungi;p__Ascomycota;c__Leotiomycetes;o__Helotiales;f__Hyaloscyphaceae
SH136162.07FU_FJ596891_refs	k__Fungi;p__Basidiomycota;c__Agaricomycetes;o__Agaricales;f__Omphalotaceae
SH124872.07FU_FJ888459_refs	k__Fungi;p__Ascomycota;c__Dothideomycetes;o__Botryosphaeriales;f__Botryosphaeriaceae
SH122996.07FU_JF288798_reps	k__Fungi;p__Ascomycota;c__Lecanoromycetes;o__Lecanorales;f__Cladoniaceae
SH077354.07FU_JN000071_refs	k__Fungi;p__Basidiomycota;c__Microbotryomycetes;o__Microbotryales;f__Microbotryaceae
SH135277.07FU_UDB000717_refs	k__Fungi;p__Basidiomycota;c__Agaricomycetes;o__Agaricales;f__Cortinariaceae
SH097660.07FU_HE866691_reps	k__Fungi;p__Ascomycota;c__Sordariomycetes;o__Ophiostomatales;f__Ophiostomataceae
SH079749.07FU_JX093786_refs	k__Fungi;p__Basidiomycota;c__Agaricomycetes;o__Hymenochaetales;f__Hymenochaetaceae
SH101510.07FU_EU686168_reps	k__Fungi;p__Ascomycota;c__Sordariomycetes;o__Xylariales;f__Xylariaceae
SH539566.07FU_DQ656634_reps	k__Fungi;p__Ascomycota;c__Orbiliomycetes;o__Orbiliales;f__Orbiliaceae
SH100351.07FU_JQ926291_refs	k__Fungi;p__Ascomycota;c__Sordariomycetes;o__Diaporthales;f__Melanconidaceae
SH089750.07FU_FN859417_refs	k__Fungi;p__Ascomycota;c__Sordariomycetes;o__Hypocreales;f__Hypocreaceae
SH107395.07FU_HE605213_reps	k__Fungi;p__Ascomycota;c__Eurotiomycetes;o__Chaetothyriales;f__Herpotrichiellaceae
SH117504.07FU_JF832665_refs	k__Fungi;p__Ascomycota;c__Sordariomycetes;o__Hypocreales;f__Nectriaceae
SH107556.07FU_KJ706648_reps	k__Fungi;p__Basidiomycota;c__Microbotryomycetes;o__Microbotryomycetes_ord_Incertae_sedis;f__Microbotryomycetes_fam_Incertae_sedis
SH128245.07FU_JQ627125_refs	k__Fungi;p__Ascomycota;c__Lecanoromycetes;o__Lecanorales;f__Stereocaulaceae
SH113822.07FU_KF777186_refs	k__Fungi;p__Ascomycota;c__Sordariomycetes;o__Magnaporthales;f__Magnaporthaceae
SH090918.07FU_JF908003_reps	k__Fungi;p__Basidiomycota;c__Agaricomycetes;o__Agaricales;f__Entolomataceae
SH117885.07FU_UDB007921_reps	k__Fungi;p__Ascomycota;c__Pezizomycetes;o__Pezizales;f__Pezizaceae
SH134579.07FU_UDB011613_reps	k__Fungi;p__Basidiomycota;c__Agaricomycetes;o__Agaricales;f__Cortinariaceae
SH136442.07FU_AF070014_reps	k__Fungi;p__Ascomycota;c__Lecanoromycetes;o__Lecanorales;f__Lecanoraceae
SH077048.07FU_KC135887_reps	k__Fungi;p__Basidiomycota;c__Agaricomycetes;o__Agaricales;f__Agaricaceae
SH094399.07FU_HE687038_reps	k__Fungi;p__Basidiomycota;c__Agaricomycetes;o__Agaricales;f__Cortinariaceae
SH085548.07FU_AF444549_refs	k__Fungi;p__Basidiomycota;c__Agaricostilbomycetes;o__Spiculogloeales;f__Spiculogloeaceae
SH085706.07FU_AF224381_reps	k__Fungi;p__Ascomycota;c__Lecanoromycetes;o__Teloschistales;f__Physciaceae
SH128255.07FU_JF739379_reps	k__Fungi;p__Ascomycota;c__Lecanoromycetes;o__Lecanorales;f__Stereocaulaceae
SH092411.07FU_FJ025341_reps	k__Fungi;p__Ascomycota;c__Dothideomycetes;o__Pleosporales;f__Montagnulaceae
SH103640.07FU_KJ706573_reps	k__Fungi;p__Ascomycota;c__Saccharomycetes;o__Saccharomycetales;f__Saccharomycetales_fam_Incertae_sedis
SH084764.07FU_UDB008507_reps	k__Fungi;p__Basidiomycota;c__Agaricomycetes;o__Agaricales;f__Entolomataceae
SH108525.07FU_KC305135_reps	k__Fungi;p__Ascomycota;c__Sordariomycetes;o__Microascales;f__Ceratocystidaceae
SH088722.07FU_KJ706628_reps	k__Fungi;p__Ascomycota;c__Saccharomycetes;o__Saccharomycetales;f__Saccharomycetales_fam_Incertae_sedis
SH128643.07FU_GU199443_refs	k__Fungi;p__Ascomycota;c__Saccharomycetes;o__Saccharomycetales;f__Saccharomycetales_fam_Incertae_sedis
SH119232.07FU_AY180263_reps	k__Fungi;p__Ascomycota;c__Sordariomycetes;o__Hypocreales;f__Hypocreales_fam_Incertae_sedis
SH120369.07FU_AF457895_reps	k__Fungi;p__Ascomycota;c__Lecanoromycetes;o__Lecanorales;f__Cladoniaceae
SH122063.07FU_EU784249_refs	k__Fungi;p__Basidiomycota;c__Agaricomycetes;o__Geastrales;f__Geastraceae
SH082333.07FU_KJ638273_reps	k__Fungi;p__Basidiomycota;c__Agaricomycetes;o__Agaricales;f__Amanitaceae
SH119126.07FU_JF439127_reps	k__Fungi;p__Glomeromycota;c__Glomeromycetes;o__Glomerales;f__Claroideoglomeraceae
SH097739.07FU_JN205830_reps	k__Fungi;p__Zygomycota;c__Mucoromycotina_cls_Incertae_sedis;o__Mucorales;f__Syncephalastraceae
SH125700.07FU_AY484515_reps	k__Fungi;p__Basidiomycota;c__Agaricomycetes;o__Agaricales;f__Tricholomataceae
SH094335.07FU_UDB001383_refs	k__Fungi;p__Basidiomycota;c__Agaricomycetes;o__Agaricales;f__Cortinariaceae
SH134570.07FU_JQ967268_reps	k__Fungi;p__Basidiomycota;c__Agaricomycetes;o__Boletales;f__Boletaceae
SH082748.07FU_GU992327_reps	k__Fungi;p__Ascomycota;c__Lecanoromycetes;o__Lecanorales;f__Parmeliaceae
SH543245.07FU_KP278160_reps	k__Fungi;p__Ascomycota;c__Leotiomycetes;o__Helotiales;f__Helotiales_fam_Incertae_sedis
SH108237.07FU_FR750151_refs	k__Fungi;p__Glomeromycota;c__Glomeromycetes;o__Diversisporales;f__Acaulosporaceae
SH544621.07FU_KP744516_refs	k__Fungi;p__Ascomycota;c__Geoglossomycetes;o__Geoglossales;f__Geoglossaceae
SH098884.07FU_KC166987_reps	k__Fungi;p__Ascomycota;c__Lecanoromycetes;o__Ostropales;f__Thelotremataceae
SH118242.07FU_GU994557_reps	k__Fungi;p__Ascomycota;c__Lecanoromycetes;o__Lecanorales;f__Parmeliaceae
SH132804.07FU_DQ389711_refs	k__Fungi;p__Basidiomycota;c__Agaricomycetes;o__Agaricales;f__Psathyrellaceae
SH135200.07FU_GU363477_refs	k__Fungi;p__Basidiomycota;c__Agaricomycetes;o__Agaricales;f__Cortinariaceae
SH089930.07FU_KC848276_reps	k__Fungi;p__Basidiomycota;c__Agaricomycetes;o__Polyporales;f__Polyporaceae
SH093511.07FU_EF434039_reps	k__Fungi;p__Zygomycota;c__Mortierellomycotina_cls_Incertae_sedis;o__Mortierellales;f__Mortierellaceae
SH099484.07FU_JN813395_reps	k__Fungi;p__Ascomycota;c__Lecanoromycetes;o__Teloschistales;f__Teloschistaceae
SH076935.07FU_AB190390_reps	k__Fungi;p__Ascomycota;c__Eurotiomycetes;o__Chaetothyriales;f__Herpotrichiellaceae
SH092980.07FU_AB478988_refs	k__Fungi;p__Ascomycota;c__Leotiomycetes;o__Erysiphales;f__Erysiphaceae
SH083935.07FU_DQ367921_reps	k__Fungi;p__Basidiomycota;c__Agaricomycetes;o__Agaricales;f__Tricholomataceae
SH100117.07FU_GU054260_reps	k__Fungi;p__Basidiomycota;c__Agaricomycetes;o__Corticiales;f__Corticiaceae
SH134214.07FU_JX064536_reps	k__Fungi;p__Ascomycota;c__Lecanoromycetes;o__Peltigerales;f__Lobariaceae
SH086654.07FU_HQ649974_reps	k__Fungi;p__Ascomycota;c__Eurotiomycetes;o__Eurotiales;f__Trichocomaceae
SH103945.07FU_JQ009307_reps	k__Fungi;p__Ascomycota;c__Sordariomycetes;o__Xylariales;f__Xylariaceae
SH094389.07FU_AY669621_reps	k__Fungi;p__Basidiomycota;c__Agaricomycetes;o__Agaricales;f__Cortinariaceae
SH085920.07FU_FM955447_reps	k__Fungi;p__Ascomycota;c__Sordariomycetes;o__Sordariales;f__Lasiosphaeriaceae
SH551669.07FU_KP020116_reps	k__Fungi;p__Basidiomycota;c__Tremellomycetes;o__Trichosporonales;f__Trichosporonaceae
SH127975.07FU_DQ491517_reps	k__Fungi;p__Ascomycota;c__Pezizomycetes;o__Pezizales;f__Pyronemataceae
SH113688.07FU_FJ603597_reps	k__Fungi;p__Ascomycota;c__Sordariomycetes;o__Xylariales;f__Hyponectriaceae
SH135636.07FU_KF732577_refs	k__Fungi;p__Basidiomycota;c__Agaricomycetes;o__Agaricales;f__Cortinariaceae
SH086658.07FU_HQ436051_reps	k__Fungi;p__Ascomycota;c__Eurotiomycetes;o__Eurotiales;f__Trichocomaceae
SH090494.07FU_JQ694107_reps	k__Fungi;p__Ascomycota;c__Sordariomycetes;o__Diaporthales;f__Diaporthaceae
SH091143.07FU_AJ518880_refs	k__Fungi;p__Basidiomycota;c__Agaricomycetes;o__Boletales;f__Coniophoraceae
SH129852.07FU_KJ523104_reps	k__Fungi;p__Ascomycota;c__Lecanoromycetes;o__Peltigerales;f__Lobariaceae
SH134662.07FU_AY313278_refs	k__Fungi;p__Basidiomycota;c__Agaricomycetes;o__Agaricales;f__Omphalotaceae
SH118527.07FU_KC594286_refs	k__Fungi;p__Ascomycota;c__Pezizomycotina_cls_Incertae_sedis;o__Pezizomycotina_ord_Incertae_sedis;f__Pezizomycotina_fam_Incertae_sedis
SH114842.07FU_KC352997_reps	k__Fungi;p__Ascomycota;c__Leotiomycetes;o__Helotiales;f__Helotiales_fam_Incertae_sedis
SH079627.07FU_AY083196_reps	k__Fungi;p__Basidiomycota;c__Agaricomycetes;o__Agaricales;f__Agaricaceae
SH114385.07FU_GU321089_refs	k__Fungi;p__Basidiomycota;c__Tremellomycetes;o__Tremellales;f__Tremellales_fam_Incertae_sedis
SH080732.07FU_JN943364_reps	k__Fungi;p__Ascomycota;c__Sordariomycetes;o__Hypocreales;f__Hypocreaceae
SH084201.07FU_FJ871080_reps	k__Fungi;p__Ascomycota;c__Lecanoromycetes;o__Lecanorales;f__Ramalinaceae
SH544553.07FU_KR011132_reps	k__Fungi;p__Basidiomycota;c__Agaricomycetes;o__Agaricales;f__Cortinariaceae
SH097200.07FU_EU280068_refs	k__Fungi;p__Ascomycota;c__Sordariomycetes;o__Hypocreales;f__Hypocreaceae
SH083145.07FU_FN547496_refs	k__Fungi;p__Glomeromycota;c__Glomeromycetes;o__Glomerales;f__Glomeraceae
SH119073.07FU_JQ889274_reps	k__Fungi;p__Ascomycota;c__Sordariomycetes;o__Xylariales;f__Xylariales_fam_Incertae_sedis
SH109968.07FU_JN572910_refs	k__Fungi;p__Basidiomycota;c__Agaricomycetes;o__Polyporales;f__Meruliaceae
SH091737.07FU_DQ365620_reps	k__Fungi;p__Basidiomycota;c__Agaricomycetes;o__Gomphales;f__Gomphaceae
SH121779.07FU_HQ650728_reps	k__Fungi;p__Basidiomycota;c__Agaricomycetes;o__Gomphales;f__Clavariadelphaceae
SH541626.07FU_KP822299_reps	k__Fungi;p__Ascomycota;c__Lecanoromycetes;o__Lecanorales;f__Parmeliaceae
SH096226.07FU_FJ553500_reps	k__Fungi;p__Basidiomycota;c__Agaricomycetes;o__Agaricales;f__Clavariaceae
SH131579.07FU_UDB011581_refs	k__Fungi;p__Basidiomycota;c__Agaricomycetes;o__Agaricales;f__Tricholomataceae
SH107597.07FU_U66442_reps	k__Fungi;p__Basidiomycota;c__Agaricomycetes;o__Agaricales;f__Tricholomataceae
SH105782.07FU_EU525957_reps	k__Fungi;p__Basidiomycota;c__Agaricomycetes;o__Agaricales;f__Cortinariaceae
SH546988.07FU_KT949903_reps	k__Fungi;p__Ascomycota;c__Sordariomycetes;o__Xylariales;f__Amphisphaeriaceae
SH132798.07FU_DQ389699_refs	k__Fungi;p__Basidiomycota;c__Agaricomycetes;o__Agaricales;f__Psathyrellaceae
SH111965.07FU_KC411914_reps	k__Fungi;p__Ascomycota;c__Sordariomycetes;o__Hypocreales;f__Nectriaceae
SH093104.07FU_HG796979_reps	k__Fungi;p__Basidiomycota;c__Agaricomycetes;o__Agaricales;f__Inocybaceae
SH094766.07FU_HQ204751_reps	k__Fungi;p__Ascomycota;c__Pezizomycetes;o__Pezizales;f__Tuberaceae
SH102858.07FU_AF433147_refs	k__Fungi;p__Ascomycota;c__Leotiomycetes;o__Rhytismatales;f__Cudoniaceae
SH095390.07FU_UDB008261_refs	k__Fungi;p__Basidiomycota;c__Agaricomycetes;o__Thelephorales;f__Thelephoraceae
SH538643.07FU_KP137061_reps	k__Fungi;p__Basidiomycota;c__Agaricomycetes;o__Agaricales;f__Amanitaceae
SH089017.07FU_AY174840_reps	k__Fungi;p__Basidiomycota;c__Agaricomycetes;o__Agaricales;f__Cortinariaceae
SH126343.07FU_U31841_reps	k__Fungi;p__Ascomycota;c__Sordariomycetes;o__Diaporthales;f__Togniniaceae
SH547033.07FU_KU894641_reps	k__Fungi;p__Ascomycota;c__Lecanoromycetes;o__Pertusariales;f__Pertusariaceae
SH120562.07FU_EF694649_reps	k__Fungi;p__Basidiomycota;c__Agaricomycetes;o__Polyporales;f__Phanerochaetaceae
SH107107.07FU_JF261465_refs	k__Fungi;p__Ascomycota;c__Dothideomycetes;o__Botryosphaeriales;f__Botryosphaeriaceae
SH107339.07FU_AY626979_reps	k__Fungi;p__Ascomycota;c__Dothideomycetes;o__Capnodiales;f__Mycosphaerellaceae
SH099090.07FU_HM161470_reps	k__Fungi;p__Ascomycota;c__Lecanoromycetes;o__Umbilicariales;f__Umbilicariaceae
SH131538.07FU_FJ809870_refs	k__Fungi;p__Ascomycota;c__Pezizomycetes;o__Pezizales;f__Tuberaceae
SH539320.07FU_LM644543_reps	k__Fungi;p__Ascomycota;c__Ascomycota_cls_Incertae_sedis;o__Ascomycota_ord_Incertae_sedis;f__Ascomycota_fam_Incertae_sedis
SH107348.07FU_GQ890351_refs	k__Fungi;p__Ascomycota;c__Dothideomycetes;o__Capnodiales;f__Mycosphaerellaceae
SH093482.07FU_KC923439_reps	k__Fungi;p__Ascomycota;c__Eurotiomycetes;o__Onygenales;f__Onygenaceae
SH100746.07FU_EF491864_reps	k__Fungi;p__Basidiomycota;c__Agaricomycetes;o__Polyporales;f__Meruliaceae
SH134537.07FU_EF059816_reps	k__Fungi;p__Ascomycota;c__Orbiliomycetes;o__Orbiliales;f__Orbiliaceae
SH537128.07FU_KT875182_reps	k__Fungi;p__Basidiomycota;c__Agaricomycetes;o__Agaricales;f__Cortinariaceae
SH082997.07FU_JQ279600_refs	k__Fungi;p__Basidiomycota;c__Agaricomycetes;o__Hymenochaetales;f__Hymenochaetaceae
SH083632.07FU_EF409728_reps	k__Fungi;p__Basidiomycota;c__Agaricomycetes;o__Agaricales;f__Pleurotaceae
SH119973.07FU_HQ599414_refs	k__Fungi;p__Ascomycota;c__Eurotiomycetes;o__Pyrenulales;f__Massariaceae
SH114827.07FU_JX848568_reps	k__Fungi;p__Ascomycota;c__Eurotiomycetes;o__Verrucariales;f__Verrucariaceae
SH127647.07FU_KJ433656_reps	k__Fungi;p__Ascomycota;c__Eurotiomycetes;o__Eurotiales;f__Trichocomaceae
SH124398.07FU_KJ162273_reps	k__Fungi;p__Ascomycota;c__Lecanoromycetes;o__Lecideales;f__Porpidiaceae
SH549510.07FU_KU934586_reps	k__Fungi;p__Ascomycota;c__Lecanoromycetes;o__Lecanorales;f__Lecanoraceae
SH104404.07FU_AY669637_reps	k__Fungi;p__Basidiomycota;c__Agaricomycetes;o__Agaricales;f__Cortinariaceae
SH125119.07FU_EU249487_reps	k__Fungi;p__Ascomycota;c__Eurotiomycetes;o__Verrucariales;f__Verrucariaceae
SH108174.07FU_JQ861737_reps	k__Fungi;p__Basidiomycota;c__Agaricomycetes;o__Polyporales;f__Polyporaceae
SH083443.07FU_JX392812_refs	k__Fungi;p__Basidiomycota;c__Agaricomycetes;o__Trechisporales;f__Hydnodontaceae
SH128666.07FU_JF340244_reps	k__Fungi;p__Ascomycota;c__Leotiomycetes;o__Helotiales;f__Helotiaceae
SH129915.07FU_UDB000094_reps	k__Fungi;p__Ascomycota;c__Pezizomycetes;o__Pezizales;f__Pyronemataceae
SH099715.07FU_HQ400701_reps	k__Fungi;p__Basidiomycota;c__Agaricomycetes;o__Hymenochaetales;f__Hymenochaetaceae
SH082178.07FU_AY966454_reps	k__Fungi;p__Basidiomycota;c__Agaricomycetes;o__Polyporales;f__Fomitopsidaceae
SH120386.07FU_HM624020_reps	k__Fungi;p__Ascomycota;c__Lecanoromycetes;o__Lecanorales;f__Cladoniaceae
SH090013.07FU_FJ816654_reps	k__Fungi;p__Basidiomycota;c__Agaricomycetes;o__Agaricales;f__Pluteaceae
SH107668.07FU_KF717580_refs	k__Fungi;p__Ascomycota;c__Pezizomycetes;o__Pezizales;f__Pyronemataceae
SH135312.07FU_HQ604666_reps	k__Fungi;p__Basidiomycota;c__Agaricomycetes;o__Agaricales;f__Cortinariaceae
SH093826.07FU_UDB018210_reps	k__Fungi;p__Basidiomycota;c__Agaricomycetes;o__Agaricales;f__Pluteaceae
SH096927.07FU_JQ706116_reps	k__Fungi;p__Ascomycota;c__Sordariomycetes;o__Diaporthales;f__Diaporthales_fam_Incertae_sedis
SH082678.07FU_HM578968_reps	k__Fungi;p__Ascomycota;c__Lecanoromycetes;o__Lecanorales;f__Parmeliaceae
SH097347.07FU_UDB015471_refs	k__Fungi;p__Basidiomycota;c__Agaricomycetes;o__Agaricales;f__Marasmiaceae
SH537349.07FU_KP986511_reps	k__Fungi;p__Basidiomycota;c__Tremellomycetes;o__Tremellales;f__Tremellales_fam_Incertae_sedis
SH109658.07FU_KC492953_reps	k__Fungi;p__Basidiomycota;c__Agaricomycetes;o__Russulales;f__Bondarzewiaceae
SH096003.07FU_EF025944_reps	k__Fungi;p__Ascomycota;c__Sordariomycetes;o__Sordariomycetidae_ord_Incertae_sedis;f__Glomerellaceae
SH545363.07FU_KM396624_reps	k__Fungi;p__Ascomycota;c__Sordariomycetes;o__Xylariales;f__Diatrypaceae
SH101017.07FU_EF031112_reps	k__Fungi;p__Zygomycota;c__Mortierellomycotina_cls_Incertae_sedis;o__Mortierellales;f__Mortierellaceae
SH094323.07FU_UDB001352_refs	k__Fungi;p__Basidiomycota;c__Agaricomycetes;o__Agaricales;f__Cortinariaceae
SH549479.07FU_KJ462321_reps	k__Fungi;p__Ascomycota;c__Lecanoromycetes;o__Agyriales;f__Agyriaceae
SH096123.07FU_KF931342_reps	k__Fungi;p__Ascomycota;c__Dothideomycetes;o__Pleosporales;f__Pleosporales_fam_Incertae_sedis
SH108672.07FU_UDB000765_reps	k__Fungi;p__Basidiomycota;c__Agaricomycetes;o__Agaricales;f__Inocybaceae
SH091248.07FU_AF479744_reps	k__Fungi;p__Basidiomycota;c__Pucciniomycetes;o__Pucciniales;f__Pucciniaceae
SH077020.07FU_JQ824135_refs	k__Fungi;p__Basidiomycota;c__Agaricomycetes;o__Agaricales;f__Agaricaceae
SH077258.07FU_KC748491_reps	k__Fungi;p__Ascomycota;c__Leotiomycetes;o__Helotiales;f__Sclerotiniaceae
SH094018.07FU_JQ781877_refs	k__Fungi;p__Basidiomycota;c__Agaricomycetes;o__Polyporales;f__Ganodermataceae
SH539732.07FU_KT222391_reps	k__Fungi;p__Ascomycota;c__Orbiliomycetes;o__Orbiliales;f__Orbiliaceae
SH101331.07FU_AY256855_reps	k__Fungi;p__Ascomycota;c__Eurotiomycetes;o__Eurotiales;f__Trichocomaceae
SH094368.07FU_JQ711811_reps	k__Fungi;p__Basidiomycota;c__Agaricomycetes;o__Agaricales;f__Cortinariaceae
SH104400.07FU_HM060328_reps	k__Fungi;p__Basidiomycota;c__Agaricomycetes;o__Agaricales;f__Cortinariaceae
SH113140.07FU_EU714323_refs	k__Fungi;p__Ascomycota;c__Saccharomycetes;o__Saccharomycetales;f__Pichiaceae
SH122926.07FU_JX119102_reps	k__Fungi;p__Ascomycota;c__Eurotiomycetes;o__Mycocaliciales;f__Mycocaliciaceae
SH079427.07FU_JX968185_reps	k__Fungi;p__Basidiomycota;c__Agaricomycetes;o__Agaricales;f__Bolbitiaceae
SH092985.07FU_AB271785_refs	k__Fungi;p__Ascomycota;c__Leotiomycetes;o__Erysiphales;f__Erysiphaceae
SH090011.07FU_KJ009783_reps	k__Fungi;p__Basidiomycota;c__Agaricomycetes;o__Agaricales;f__Pluteaceae
SH095352.07FU_UDB003326_refs	k__Fungi;p__Basidiomycota;c__Agaricomycetes;o__Thelephorales;f__Thelephoraceae
SH076857.07FU_AY348715_reps	k__Fungi;p__Basidiomycota;c__Pucciniomycetes;o__Pucciniales;f__Pucciniaceae
SH135296.07FU_UDB001832_refs	k__Fungi;p__Basidiomycota;c__Agaricomycetes;o__Agaricales;f__Cortinariaceae
SH082348.07FU_JN206032_reps	k__Fungi;p__Zygomycota;c__Mucoromycotina_cls_Incertae_sedis;o__Mucorales;f__Mucoraceae
SH087255.07FU_JX517283_reps	k__Fungi;p__Ascomycota;c__Dothideomycetes;o__Pleosporales;f__Phaeosphaeriaceae
SH100680.07FU_AY586560_reps	k__Fungi;p__Ascomycota;c__Lecanoromycetes;o__Lecanorales;f__Parmeliaceae
SH077627.07FU_KC787569_refs	k__Fungi;p__Basidiomycota;c__Agaricomycetes;o__Polyporales;f__Polyporaceae
SH086064.07FU_KF060278_reps	k__Fungi;p__Ascomycota;c__Leotiomycetes;o__Helotiales;f__Helotiales_fam_Incertae_sedis
SH125754.07FU_JQ001850_reps	k__Fungi;p__Basidiomycota;c__Agaricomycetes;o__Polyporales;f__Polyporaceae
SH132244.07FU_EU598178_reps	k__Fungi;p__Basidiomycota;c__Agaricomycetes;o__Russulales;f__Russulaceae
SH086040.07FU_AF410467_refs	k__Fungi;p__Basidiomycota;c__Tremellomycetes;o__Trichosporonales;f__Trichosporonaceae
SH080607.07FU_AF336138_reps	k__Fungi;p__Basidiomycota;c__Agaricomycetes;o__Russulales;f__Auriscalpiaceae
SH102111.07FU_HQ184960_reps	k__Fungi;p__Ascomycota;c__Pezizomycetes;o__Pezizales;f__Pyronemataceae
SH134149.07FU_HQ446350_reps	k__Fungi;p__Ascomycota;c__Sordariomycetes;o__Sordariomycetidae_ord_Incertae_sedis;f__Sordariomycetidae_fam_Incertae_sedis
SH096583.07FU_GU234030_reps	k__Fungi;p__Basidiomycota;c__Agaricomycetes;o__Russulales;f__Russulaceae
SH084193.07FU_JF937042_reps	k__Fungi;p__Ascomycota;c__Lecanoromycetes;o__Lecanorales;f__Ramalinaceae
SH082717.07FU_AF115761_reps	k__Fungi;p__Ascomycota;c__Lecanoromycetes;o__Lecanorales;f__Parmeliaceae
SH116577.07FU_HQ728117_refs	k__Fungi;p__Ascomycota;c__Dothideomycetes;o__Capnodiales;f__Mycosphaerellaceae
SH090983.07FU_JN943388_reps	k__Fungi;p__Ascomycota;c__Sordariomycetes;o__Microascales;f__Halosphaeriaceae
SH130351.07FU_UDB015364_refs	k__Fungi;p__Basidiomycota;c__Agaricomycetes;o__Agaricales;f__Tricholomataceae
SH092429.07FU_KF800330_reps	k__Fungi;p__Ascomycota;c__Dothideomycetes;o__Pleosporales;f__Melanommataceae
SH098954.07FU_KF692068_reps	k__Fungi;p__Basidiomycota;c__Agaricomycetes;o__Hymenochaetales;f__Hymenochaetaceae
SH126952.07FU_AB353763_refs	k__Fungi;p__Ascomycota;c__Leotiomycetes;o__Erysiphales;f__Erysiphaceae
SH078119.07FU_FR750195_reps	k__Fungi;p__Glomeromycota;c__Glomeromycetes;o__Glomerales;f__Glomeraceae
SH131288.07FU_AF394030_reps	k__Fungi;p__Ascomycota;c__Pezizomycetes;o__Pezizales;f__Sarcoscyphaceae
SH545303.07FU_KP030796_reps	k__Fungi;p__Basidiomycota;c__Agaricomycetes;o__Hymenochaetales;f__Hymenochaetaceae
SH096675.07FU_AY680987_refs	k__Fungi;p__Basidiomycota;c__Agaricomycetes;o__Boletales;f__Boletaceae
SH135080.07FU_EU343872_refs	k__Fungi;p__Ascomycota;c__Saccharomycetes;o__Saccharomycetales;f__Saccharomycetales_fam_Incertae_sedis
SH122155.07FU_KC966229_reps	k__Fungi;p__Ascomycota;c__Lecanoromycetes;o__Teloschistales;f__Teloschistaceae
SH105556.07FU_AF444302_refs	k__Fungi;p__Basidiomycota;c__Tremellomycetes;o__Tremellales;f__Tremellales_fam_Incertae_sedis
SH110936.07FU_DQ463348_refs	k__Fungi;p__Basidiomycota;c__Agaricomycetes;o__Agaricales;f__Agaricaceae
SH464870.07FU_KF381526_refs	k__Fungi;p__Basidiomycota;c__Agaricomycetes;o__Agaricales;f__Tricholomataceae
SH119303.07FU_KJ729498_reps	k__Fungi;p__Basidiomycota;c__Agaricomycetes;o__Boletales;f__Boletaceae