dataset	level	iteration	method	parameters               	observed_taxonomy	expected_taxonomy	result	mismatch_level               	Precision	Recall	F-measure
F1-REF	6	0	naive-bayes	0.001:[6,6]:0.98	k__Fungi;p__Basidiomycota;c__Agaricomycetes;o__Agaricales;f__Inocybaceae;g__Inocybe	k__Fungi;p__Basidiomycota;c__Agaricomycetes;o__Agaricales;f__Inocybaceae;g__Inocybe;s__Inocybe_sp	underclassification	6	[0, 1.0, 1.0, 0.99729729729729732, 0.98305084745762716, 0.94848484848484849, 0.69506726457399104]	[0, 0.98044009779951102, 0.95354523227383858, 0.90220048899755501, 0.85085574572127143, 0.76528117359413206, 0.37897310513447435]	[0, 0.99012345679012348, 0.97622027534418021, 0.94736842105263153, 0.91218872870249013, 0.8470906630581867, 0.49050632911392411]
F1-REF	6	0	naive-bayes	0.001:[6,6]:0.98	k__Fungi;p__Glomeromycota;c__Glomeromycetes;o__Diversisporales;f__Acaulosporaceae;g__Acaulospora	k__Fungi;p__Glomeromycota;c__Glomeromycetes;o__Diversisporales;f__Acaulosporaceae;g__Acaulospora;s__Acaulospora_sp	underclassification	6	[0, 1.0, 1.0, 0.99729729729729732, 0.98305084745762716, 0.94848484848484849, 0.69506726457399104]	[0, 0.98044009779951102, 0.95354523227383858, 0.90220048899755501, 0.85085574572127143, 0.76528117359413206, 0.37897310513447435]	[0, 0.99012345679012348, 0.97622027534418021, 0.94736842105263153, 0.91218872870249013, 0.8470906630581867, 0.49050632911392411]
F1-REF	6	0	naive-bayes	0.001:[6,6]:0.98	k__Fungi;p__Basidiomycota;c__Agaricomycetes;o__Russulales;f__Russulaceae;g__Russula	k__Fungi;p__Basidiomycota;c__Agaricomycetes;o__Russulales;f__Russulaceae;g__Russula;s__Russula_sp	underclassification	6	[0, 1.0, 1.0, 0.99729729729729732, 0.98305084745762716, 0.94848484848484849, 0.69506726457399104]	[0, 0.98044009779951102, 0.95354523227383858, 0.90220048899755501, 0.85085574572127143, 0.76528117359413206, 0.37897310513447435]	[0, 0.99012345679012348, 0.97622027534418021, 0.94736842105263153, 0.91218872870249013, 0.8470906630581867, 0.49050632911392411]
F1-REF	6	0	naive-bayes	0.001:[6,6]:0.98	k__Fungi;p__Ascomycota;c__Lecanoromycetes;o__Peltigerales;f__Collemataceae;g__Leptogium;s__Leptogium_sp	k__Fungi;p__Ascomycota;c__Lecanoromycetes;o__Peltigerales;f__Collemataceae;g__Leptogium;s__Leptogium_sp	match	7	[0, 1.0, 1.0, 0.99729729729729732, 0.98305084745762716, 0.94848484848484849, 0.69506726457399104]	[0, 0.98044009779951102, 0.95354523227383858, 0.90220048899755501, 0.85085574572127143, 0.76528117359413206, 0.37897310513447435]	[0, 0.99012345679012348, 0.97622027534418021, 0.94736842105263153, 0.91218872870249013, 0.8470906630581867, 0.49050632911392411]
F1-REF	6	0	naive-bayes	0.001:[6,6]:0.98	k__Fungi;p__Basidiomycota;c__Agaricomycetes;o__Agaricales;f__Agaricaceae;g__Agaricus	k__Fungi;p__Basidiomycota;c__Agaricomycetes;o__Agaricales;f__Agaricaceae;g__Agaricus;s__Agaricus_arvensis	underclassification	6	[0, 1.0, 1.0, 0.99729729729729732, 0.98305084745762716, 0.94848484848484849, 0.69506726457399104]	[0, 0.98044009779951102, 0.95354523227383858, 0.90220048899755501, 0.85085574572127143, 0.76528117359413206, 0.37897310513447435]	[0, 0.99012345679012348, 0.97622027534418021, 0.94736842105263153, 0.91218872870249013, 0.8470906630581867, 0.49050632911392411]
F1-REF	6	0	naive-bayes	0.001:[6,6]:0.98	k__Fungi;p__Basidiomycota;c__Agaricomycetes;o__Agaricales;f__Agaricaceae;g__Agaricus	k__Fungi;p__Basidiomycota;c__Agaricomycetes;o__Agaricales;f__Agaricaceae;g__Agaricus;s__Agaricus_campestris	underclassification	6	[0, 1.0, 1.0, 0.99729729729729732, 0.98305084745762716, 0.94848484848484849, 0.69506726457399104]	[0, 0.98044009779951102, 0.95354523227383858, 0.90220048899755501, 0.85085574572127143, 0.76528117359413206, 0.37897310513447435]	[0, 0.99012345679012348, 0.97622027534418021, 0.94736842105263153, 0.91218872870249013, 0.8470906630581867, 0.49050632911392411]
F1-REF	6	0	naive-bayes	0.001:[6,6]:0.98	k__Fungi;p__Ascomycota;c__Saccharomycetes;o__Saccharomycetales;f__Saccharomycetaceae;g__Kluyveromyces	k__Fungi;p__Ascomycota;c__Saccharomycetes;o__Saccharomycetales;f__Saccharomycetaceae;g__Kluyveromyces;s__Kluyveromyces_marxianus	underclassification	6	[0, 1.0, 1.0, 0.99729729729729732, 0.98305084745762716, 0.94848484848484849, 0.69506726457399104]	[0, 0.98044009779951102, 0.95354523227383858, 0.90220048899755501, 0.85085574572127143, 0.76528117359413206, 0.37897310513447435]	[0, 0.99012345679012348, 0.97622027534418021, 0.94736842105263153, 0.91218872870249013, 0.8470906630581867, 0.49050632911392411]
F1-REF	6	0	naive-bayes	0.001:[6,6]:0.98	k__Fungi;p__Ascomycota;c__Archaeorhizomycetes;o__Archaeorhizomycetales;f__Archaeorhizomycetaceae;g__Archaeorhizomyces;s__Archaeorhizomyces_sp	k__Fungi;p__Ascomycota;c__Archaeorhizomycetes;o__Archaeorhizomycetales;f__Archaeorhizomycetaceae;g__Archaeorhizomyces;s__Archaeorhizomyces_sp	match	7	[0, 1.0, 1.0, 0.99729729729729732, 0.98305084745762716, 0.94848484848484849, 0.69506726457399104]	[0, 0.98044009779951102, 0.95354523227383858, 0.90220048899755501, 0.85085574572127143, 0.76528117359413206, 0.37897310513447435]	[0, 0.99012345679012348, 0.97622027534418021, 0.94736842105263153, 0.91218872870249013, 0.8470906630581867, 0.49050632911392411]
F1-REF	6	0	naive-bayes	0.001:[6,6]:0.98	k__Fungi;p__Basidiomycota;c__Agaricomycetes	k__Fungi;p__Basidiomycota;c__Agaricomycetes;o__Boletales;f__Boletaceae;g__Boletus;s__Boletus_sp	underclassification	3	[0, 1.0, 1.0, 0.99729729729729732, 0.98305084745762716, 0.94848484848484849, 0.69506726457399104]	[0, 0.98044009779951102, 0.95354523227383858, 0.90220048899755501, 0.85085574572127143, 0.76528117359413206, 0.37897310513447435]	[0, 0.99012345679012348, 0.97622027534418021, 0.94736842105263153, 0.91218872870249013, 0.8470906630581867, 0.49050632911392411]
F1-REF	6	0	naive-bayes	0.001:[6,6]:0.98	k__Fungi;p__Basidiomycota;c__Agaricomycetes;o__Agaricales;f__Psathyrellaceae;g__Psathyrella;s__Psathyrella_fusca	k__Fungi;p__Basidiomycota;c__Agaricomycetes;o__Agaricales;f__Psathyrellaceae;g__Psathyrella;s__Psathyrella_pygmaea	misclassification	6	[0, 1.0, 1.0, 0.99729729729729732, 0.98305084745762716, 0.94848484848484849, 0.69506726457399104]	[0, 0.98044009779951102, 0.95354523227383858, 0.90220048899755501, 0.85085574572127143, 0.76528117359413206, 0.37897310513447435]	[0, 0.99012345679012348, 0.97622027534418021, 0.94736842105263153, 0.91218872870249013, 0.8470906630581867, 0.49050632911392411]
F1-REF	6	0	naive-bayes	0.001:[6,6]:0.98	k__Fungi;p__Ascomycota;c__Sordariomycetes;o__Hypocreales	k__Fungi;p__Ascomycota;c__Sordariomycetes;o__Hypocreales;f__Nectriaceae;g__Nectria;s__Nectria_sp	underclassification	4	[0, 1.0, 1.0, 0.99729729729729732, 0.98305084745762716, 0.94848484848484849, 0.69506726457399104]	[0, 0.98044009779951102, 0.95354523227383858, 0.90220048899755501, 0.85085574572127143, 0.76528117359413206, 0.37897310513447435]	[0, 0.99012345679012348, 0.97622027534418021, 0.94736842105263153, 0.91218872870249013, 0.8470906630581867, 0.49050632911392411]
F1-REF	6	0	naive-bayes	0.001:[6,6]:0.98	k__Fungi;p__Glomeromycota;c__Glomeromycetes;o__Glomerales;f__Glomeraceae;g__Rhizophagus;s__Rhizophagus_irregularis	k__Fungi;p__Glomeromycota;c__Glomeromycetes;o__Glomerales;f__Glomeraceae;g__Rhizophagus;s__Rhizophagus_irregularis	match	7	[0, 1.0, 1.0, 0.99729729729729732, 0.98305084745762716, 0.94848484848484849, 0.69506726457399104]	[0, 0.98044009779951102, 0.95354523227383858, 0.90220048899755501, 0.85085574572127143, 0.76528117359413206, 0.37897310513447435]	[0, 0.99012345679012348, 0.97622027534418021, 0.94736842105263153, 0.91218872870249013, 0.8470906630581867, 0.49050632911392411]
F1-REF	6	0	naive-bayes	0.001:[6,6]:0.98	k__Fungi;p__Basidiomycota;c__Agaricomycetes;o__Boletales;f__Boletaceae;g__Chalciporus	k__Fungi;p__Basidiomycota;c__Agaricomycetes;o__Boletales;f__Boletaceae;g__Chalciporus;s__Chalciporus_pseudorubinellus	underclassification	6	[0, 1.0, 1.0, 0.99729729729729732, 0.98305084745762716, 0.94848484848484849, 0.69506726457399104]	[0, 0.98044009779951102, 0.95354523227383858, 0.90220048899755501, 0.85085574572127143, 0.76528117359413206, 0.37897310513447435]	[0, 0.99012345679012348, 0.97622027534418021, 0.94736842105263153, 0.91218872870249013, 0.8470906630581867, 0.49050632911392411]
F1-REF	6	0	naive-bayes	0.001:[6,6]:0.98	k__Fungi;p__Basidiomycota;c__Agaricomycetes;o__Agaricales;f__Inocybaceae;g__Inocybe	k__Fungi;p__Basidiomycota;c__Agaricomycetes;o__Agaricales;f__Inocybaceae;g__Inocybe;s__Inocybe_geophylla	underclassification	6	[0, 1.0, 1.0, 0.99729729729729732, 0.98305084745762716, 0.94848484848484849, 0.69506726457399104]	[0, 0.98044009779951102, 0.95354523227383858, 0.90220048899755501, 0.85085574572127143, 0.76528117359413206, 0.37897310513447435]	[0, 0.99012345679012348, 0.97622027534418021, 0.94736842105263153, 0.91218872870249013, 0.8470906630581867, 0.49050632911392411]
F1-REF	6	0	naive-bayes	0.001:[6,6]:0.98	k__Fungi;p__Basidiomycota;c__Agaricomycetes;o__Russulales;f__Russulaceae;g__Lactarius	k__Fungi;p__Basidiomycota;c__Agaricomycetes;o__Russulales;f__Russulaceae;g__Lactarius;s__Lactarius_sp	underclassification	6	[0, 1.0, 1.0, 0.99729729729729732, 0.98305084745762716, 0.94848484848484849, 0.69506726457399104]	[0, 0.98044009779951102, 0.95354523227383858, 0.90220048899755501, 0.85085574572127143, 0.76528117359413206, 0.37897310513447435]	[0, 0.99012345679012348, 0.97622027534418021, 0.94736842105263153, 0.91218872870249013, 0.8470906630581867, 0.49050632911392411]
F1-REF	6	0	naive-bayes	0.001:[6,6]:0.98	k__Fungi;p__Basidiomycota;c__Agaricomycetes;o__Russulales;f__Russulaceae;g__Lactarius;s__Lactarius_montanus	k__Fungi;p__Basidiomycota;c__Agaricomycetes;o__Russulales;f__Russulaceae;g__Lactarius;s__Lactarius_pallescens	misclassification	6	[0, 1.0, 1.0, 0.99729729729729732, 0.98305084745762716, 0.94848484848484849, 0.69506726457399104]	[0, 0.98044009779951102, 0.95354523227383858, 0.90220048899755501, 0.85085574572127143, 0.76528117359413206, 0.37897310513447435]	[0, 0.99012345679012348, 0.97622027534418021, 0.94736842105263153, 0.91218872870249013, 0.8470906630581867, 0.49050632911392411]
F1-REF	6	0	naive-bayes	0.001:[6,6]:0.98	k__Fungi;p__Basidiomycota;c__Agaricomycetes;o__Russulales;f__Russulaceae;g__Russula	k__Fungi;p__Basidiomycota;c__Agaricomycetes;o__Russulales;f__Russulaceae;g__Russula;s__Russula_decolorans	underclassification	6	[0, 1.0, 1.0, 0.99729729729729732, 0.98305084745762716, 0.94848484848484849, 0.69506726457399104]	[0, 0.98044009779951102, 0.95354523227383858, 0.90220048899755501, 0.85085574572127143, 0.76528117359413206, 0.37897310513447435]	[0, 0.99012345679012348, 0.97622027534418021, 0.94736842105263153, 0.91218872870249013, 0.8470906630581867, 0.49050632911392411]
F1-REF	6	0	naive-bayes	0.001:[6,6]:0.98	k__Fungi;p__Basidiomycota;c__Agaricomycetes;o__Russulales;f__Russulaceae;g__Russula	k__Fungi;p__Basidiomycota;c__Agaricomycetes;o__Russulales;f__Russulaceae;g__Russula;s__Russula_clavipes	underclassification	6	[0, 1.0, 1.0, 0.99729729729729732, 0.98305084745762716, 0.94848484848484849, 0.69506726457399104]	[0, 0.98044009779951102, 0.95354523227383858, 0.90220048899755501, 0.85085574572127143, 0.76528117359413206, 0.37897310513447435]	[0, 0.99012345679012348, 0.97622027534418021, 0.94736842105263153, 0.91218872870249013, 0.8470906630581867, 0.49050632911392411]
F1-REF	6	0	naive-bayes	0.001:[6,6]:0.98	k__Fungi;p__Basidiomycota;c__Agaricomycetes;o__Russulales;f__Russulaceae;g__Russula	k__Fungi;p__Basidiomycota;c__Agaricomycetes;o__Russulales;f__Russulaceae;g__Russula;s__Russula_nitida	underclassification	6	[0, 1.0, 1.0, 0.99729729729729732, 0.98305084745762716, 0.94848484848484849, 0.69506726457399104]	[0, 0.98044009779951102, 0.95354523227383858, 0.90220048899755501, 0.85085574572127143, 0.76528117359413206, 0.37897310513447435]	[0, 0.99012345679012348, 0.97622027534418021, 0.94736842105263153, 0.91218872870249013, 0.8470906630581867, 0.49050632911392411]
F1-REF	6	0	naive-bayes	0.001:[6,6]:0.98	k__Fungi;p__Basidiomycota;c__Agaricomycetes;o__Russulales;f__Russulaceae;g__Russula	k__Fungi;p__Basidiomycota;c__Agaricomycetes;o__Russulales;f__Russulaceae;g__Russula;s__Russula_xerampelina	underclassification	6	[0, 1.0, 1.0, 0.99729729729729732, 0.98305084745762716, 0.94848484848484849, 0.69506726457399104]	[0, 0.98044009779951102, 0.95354523227383858, 0.90220048899755501, 0.85085574572127143, 0.76528117359413206, 0.37897310513447435]	[0, 0.99012345679012348, 0.97622027534418021, 0.94736842105263153, 0.91218872870249013, 0.8470906630581867, 0.49050632911392411]
F1-REF	6	0	naive-bayes	0.001:[6,6]:0.98	k__Fungi;p__Zygomycota;c__Mucoromycotina_cls_Incertae_sedis;o__Mucorales;f__Mucoraceae;g__Actinomucor;s__Actinomucor_elegans	k__Fungi;p__Zygomycota;c__Mucoromycotina_cls_Incertae_sedis;o__Mucorales;f__Mucoraceae;g__Actinomucor;s__Actinomucor_elegans	match	7	[0, 1.0, 1.0, 0.99729729729729732, 0.98305084745762716, 0.94848484848484849, 0.69506726457399104]	[0, 0.98044009779951102, 0.95354523227383858, 0.90220048899755501, 0.85085574572127143, 0.76528117359413206, 0.37897310513447435]	[0, 0.99012345679012348, 0.97622027534418021, 0.94736842105263153, 0.91218872870249013, 0.8470906630581867, 0.49050632911392411]
F1-REF	6	0	naive-bayes	0.001:[6,6]:0.98	k__Fungi;p__Ascomycota;c__Pezizomycetes;o__Pezizales;f__Tuberaceae;g__Tuber;s__Tuber_scruposum	k__Fungi;p__Ascomycota;c__Pezizomycetes;o__Pezizales;f__Tuberaceae;g__Tuber;s__Tuber_rapaeodorum	misclassification	6	[0, 1.0, 1.0, 0.99729729729729732, 0.98305084745762716, 0.94848484848484849, 0.69506726457399104]	[0, 0.98044009779951102, 0.95354523227383858, 0.90220048899755501, 0.85085574572127143, 0.76528117359413206, 0.37897310513447435]	[0, 0.99012345679012348, 0.97622027534418021, 0.94736842105263153, 0.91218872870249013, 0.8470906630581867, 0.49050632911392411]
F1-REF	6	0	naive-bayes	0.001:[6,6]:0.98	k__Fungi;p__Basidiomycota;c__Agaricomycetes;o__Agaricales;f__Hygrophoraceae;g__Hygrocybe	k__Fungi;p__Basidiomycota;c__Agaricomycetes;o__Agaricales;f__Hygrophoraceae;g__Hygrocybe;s__Hygrocybe_sp	underclassification	6	[0, 1.0, 1.0, 0.99729729729729732, 0.98305084745762716, 0.94848484848484849, 0.69506726457399104]	[0, 0.98044009779951102, 0.95354523227383858, 0.90220048899755501, 0.85085574572127143, 0.76528117359413206, 0.37897310513447435]	[0, 0.99012345679012348, 0.97622027534418021, 0.94736842105263153, 0.91218872870249013, 0.8470906630581867, 0.49050632911392411]
F1-REF	6	0	naive-bayes	0.001:[6,6]:0.98	k__Fungi;p__Basidiomycota;c__Agaricomycetes;o__Agaricales;f__Hygrophoraceae;g__Hygrocybe;s__Hygrocybe_conica	k__Fungi;p__Basidiomycota;c__Agaricomycetes;o__Agaricales;f__Hygrophoraceae;g__Hygrocybe;s__Hygrocybe_conica	match	7	[0, 1.0, 1.0, 0.99729729729729732, 0.98305084745762716, 0.94848484848484849, 0.69506726457399104]	[0, 0.98044009779951102, 0.95354523227383858, 0.90220048899755501, 0.85085574572127143, 0.76528117359413206, 0.37897310513447435]	[0, 0.99012345679012348, 0.97622027534418021, 0.94736842105263153, 0.91218872870249013, 0.8470906630581867, 0.49050632911392411]
F1-REF	6	0	naive-bayes	0.001:[6,6]:0.98	k__Fungi;p__Ascomycota;c__Pezizomycetes;o__Pezizales;f__Pyronemataceae;g__Genea	k__Fungi;p__Ascomycota;c__Pezizomycetes;o__Pezizales;f__Pyronemataceae;g__Genea;s__Genea_sp	underclassification	6	[0, 1.0, 1.0, 0.99729729729729732, 0.98305084745762716, 0.94848484848484849, 0.69506726457399104]	[0, 0.98044009779951102, 0.95354523227383858, 0.90220048899755501, 0.85085574572127143, 0.76528117359413206, 0.37897310513447435]	[0, 0.99012345679012348, 0.97622027534418021, 0.94736842105263153, 0.91218872870249013, 0.8470906630581867, 0.49050632911392411]
F1-REF	6	0	naive-bayes	0.001:[6,6]:0.98	k__Fungi;p__Ascomycota;c__Pezizomycetes;o__Pezizales;f__Morchellaceae;g__Verpa	k__Fungi;p__Ascomycota;c__Pezizomycetes;o__Pezizales;f__Morchellaceae;g__Verpa;s__Verpa_conica	underclassification	6	[0, 1.0, 1.0, 0.99729729729729732, 0.98305084745762716, 0.94848484848484849, 0.69506726457399104]	[0, 0.98044009779951102, 0.95354523227383858, 0.90220048899755501, 0.85085574572127143, 0.76528117359413206, 0.37897310513447435]	[0, 0.99012345679012348, 0.97622027534418021, 0.94736842105263153, 0.91218872870249013, 0.8470906630581867, 0.49050632911392411]
F1-REF	6	0	naive-bayes	0.001:[6,6]:0.98	k__Fungi;p__Basidiomycota;c__Agaricomycetes;o__Agaricales;f__Pluteaceae;g__Pluteus;s__Pluteus_phlebophorus	k__Fungi;p__Basidiomycota;c__Agaricomycetes;o__Agaricales;f__Pluteaceae;g__Pluteus;s__Pluteus_sp	misclassification	6	[0, 1.0, 1.0, 0.99729729729729732, 0.98305084745762716, 0.94848484848484849, 0.69506726457399104]	[0, 0.98044009779951102, 0.95354523227383858, 0.90220048899755501, 0.85085574572127143, 0.76528117359413206, 0.37897310513447435]	[0, 0.99012345679012348, 0.97622027534418021, 0.94736842105263153, 0.91218872870249013, 0.8470906630581867, 0.49050632911392411]
F1-REF	6	0	naive-bayes	0.001:[6,6]:0.98	k__Fungi;p__Basidiomycota;c__Agaricomycetes;o__Russulales;f__Russulaceae;g__Russula;s__Russula_nauseosa	k__Fungi;p__Basidiomycota;c__Agaricomycetes;o__Russulales;f__Russulaceae;g__Russula;s__Russula_puellaris	misclassification	6	[0, 1.0, 1.0, 0.99729729729729732, 0.98305084745762716, 0.94848484848484849, 0.69506726457399104]	[0, 0.98044009779951102, 0.95354523227383858, 0.90220048899755501, 0.85085574572127143, 0.76528117359413206, 0.37897310513447435]	[0, 0.99012345679012348, 0.97622027534418021, 0.94736842105263153, 0.91218872870249013, 0.8470906630581867, 0.49050632911392411]
F1-REF	6	0	naive-bayes	0.001:[6,6]:0.98	k__Fungi;p__Basidiomycota;c__Agaricomycetes;o__Russulales;f__Russulaceae;g__Russula;s__Russula_sichuanensis	k__Fungi;p__Basidiomycota;c__Agaricomycetes;o__Russulales;f__Russulaceae;g__Russula;s__Russula_cessans	misclassification	6	[0, 1.0, 1.0, 0.99729729729729732, 0.98305084745762716, 0.94848484848484849, 0.69506726457399104]	[0, 0.98044009779951102, 0.95354523227383858, 0.90220048899755501, 0.85085574572127143, 0.76528117359413206, 0.37897310513447435]	[0, 0.99012345679012348, 0.97622027534418021, 0.94736842105263153, 0.91218872870249013, 0.8470906630581867, 0.49050632911392411]
F1-REF	6	0	naive-bayes	0.001:[6,6]:0.98	k__Fungi;p__Basidiomycota;c__Agaricomycetes;o__Agaricales;f__Strophariaceae;g__Agrocybe;s__Agrocybe_erebia	k__Fungi;p__Basidiomycota;c__Agaricomycetes;o__Agaricales;f__Strophariaceae;g__Agrocybe;s__Agrocybe_erebia	match	7	[0, 1.0, 1.0, 0.99729729729729732, 0.98305084745762716, 0.94848484848484849, 0.69506726457399104]	[0, 0.98044009779951102, 0.95354523227383858, 0.90220048899755501, 0.85085574572127143, 0.76528117359413206, 0.37897310513447435]	[0, 0.99012345679012348, 0.97622027534418021, 0.94736842105263153, 0.91218872870249013, 0.8470906630581867, 0.49050632911392411]
F1-REF	6	0	naive-bayes	0.001:[6,6]:0.98	k__Fungi;p__Basidiomycota;c__Agaricomycetes;o__Agaricales;f__Strophariaceae;g__Pholiota;s__Pholiota_tuberculosa	k__Fungi;p__Basidiomycota;c__Agaricomycetes;o__Agaricales;f__Strophariaceae;g__Pholiota;s__Pholiota_sp	misclassification	6	[0, 1.0, 1.0, 0.99729729729729732, 0.98305084745762716, 0.94848484848484849, 0.69506726457399104]	[0, 0.98044009779951102, 0.95354523227383858, 0.90220048899755501, 0.85085574572127143, 0.76528117359413206, 0.37897310513447435]	[0, 0.99012345679012348, 0.97622027534418021, 0.94736842105263153, 0.91218872870249013, 0.8470906630581867, 0.49050632911392411]
F1-REF	6	0	naive-bayes	0.001:[6,6]:0.98	k__Fungi;p__Ascomycota;c__Sordariomycetes;o__Xylariales;f__Xylariaceae	k__Fungi;p__Ascomycota;c__Sordariomycetes;o__Xylariales;f__Xylariaceae;g__Xylaria;s__Xylaria_sp	underclassification	5	[0, 1.0, 1.0, 0.99729729729729732, 0.98305084745762716, 0.94848484848484849, 0.69506726457399104]	[0, 0.98044009779951102, 0.95354523227383858, 0.90220048899755501, 0.85085574572127143, 0.76528117359413206, 0.37897310513447435]	[0, 0.99012345679012348, 0.97622027534418021, 0.94736842105263153, 0.91218872870249013, 0.8470906630581867, 0.49050632911392411]
F1-REF	6	0	naive-bayes	0.001:[6,6]:0.98	k__Fungi;p__Basidiomycota;c__Agaricomycetes;o__Agaricales;f__Omphalotaceae;g__Gymnopus;s__Gymnopus_menehune	k__Fungi;p__Basidiomycota;c__Agaricomycetes;o__Agaricales;f__Omphalotaceae;g__Gymnopus;s__Gymnopus_biformis	misclassification	6	[0, 1.0, 1.0, 0.99729729729729732, 0.98305084745762716, 0.94848484848484849, 0.69506726457399104]	[0, 0.98044009779951102, 0.95354523227383858, 0.90220048899755501, 0.85085574572127143, 0.76528117359413206, 0.37897310513447435]	[0, 0.99012345679012348, 0.97622027534418021, 0.94736842105263153, 0.91218872870249013, 0.8470906630581867, 0.49050632911392411]
F1-REF	6	0	naive-bayes	0.001:[6,6]:0.98	k__Fungi;p__Basidiomycota;c__Agaricomycetes;o__Thelephorales;f__Thelephoraceae;g__Amaurodon;s__Amaurodon_sp	k__Fungi;p__Basidiomycota;c__Agaricomycetes;o__Thelephorales;f__Thelephoraceae;g__Amaurodon;s__Amaurodon_sp	match	7	[0, 1.0, 1.0, 0.99729729729729732, 0.98305084745762716, 0.94848484848484849, 0.69506726457399104]	[0, 0.98044009779951102, 0.95354523227383858, 0.90220048899755501, 0.85085574572127143, 0.76528117359413206, 0.37897310513447435]	[0, 0.99012345679012348, 0.97622027534418021, 0.94736842105263153, 0.91218872870249013, 0.8470906630581867, 0.49050632911392411]
F1-REF	6	0	naive-bayes	0.001:[6,6]:0.98	k__Fungi;p__Ascomycota;c__Sordariomycetes;o__Hypocreales;f__Hypocreaceae;g__Trichoderma;s__Trichoderma_harzianum	k__Fungi;p__Ascomycota;c__Sordariomycetes;o__Hypocreales;f__Hypocreaceae;g__Trichoderma;s__Trichoderma_harzianum	match	7	[0, 1.0, 1.0, 0.99729729729729732, 0.98305084745762716, 0.94848484848484849, 0.69506726457399104]	[0, 0.98044009779951102, 0.95354523227383858, 0.90220048899755501, 0.85085574572127143, 0.76528117359413206, 0.37897310513447435]	[0, 0.99012345679012348, 0.97622027534418021, 0.94736842105263153, 0.91218872870249013, 0.8470906630581867, 0.49050632911392411]
F1-REF	6	0	naive-bayes	0.001:[6,6]:0.98	k__Fungi;p__Ascomycota;c__Sordariomycetes;o__Hypocreales;f__Hypocreaceae;g__Trichoderma	k__Fungi;p__Ascomycota;c__Sordariomycetes;o__Hypocreales;f__Hypocreaceae;g__Trichoderma;s__Trichoderma_sp	underclassification	6	[0, 1.0, 1.0, 0.99729729729729732, 0.98305084745762716, 0.94848484848484849, 0.69506726457399104]	[0, 0.98044009779951102, 0.95354523227383858, 0.90220048899755501, 0.85085574572127143, 0.76528117359413206, 0.37897310513447435]	[0, 0.99012345679012348, 0.97622027534418021, 0.94736842105263153, 0.91218872870249013, 0.8470906630581867, 0.49050632911392411]
F1-REF	6	0	naive-bayes	0.001:[6,6]:0.98	k__Fungi;p__Basidiomycota;c__Agaricomycetes;o__Thelephorales;f__Thelephoraceae;g__Tomentella	k__Fungi;p__Basidiomycota;c__Agaricomycetes;o__Thelephorales;f__Thelephoraceae;g__Tomentella;s__Tomentella_sp	underclassification	6	[0, 1.0, 1.0, 0.99729729729729732, 0.98305084745762716, 0.94848484848484849, 0.69506726457399104]	[0, 0.98044009779951102, 0.95354523227383858, 0.90220048899755501, 0.85085574572127143, 0.76528117359413206, 0.37897310513447435]	[0, 0.99012345679012348, 0.97622027534418021, 0.94736842105263153, 0.91218872870249013, 0.8470906630581867, 0.49050632911392411]
F1-REF	6	0	naive-bayes	0.001:[6,6]:0.98	k__Fungi;p__Basidiomycota;c__Agaricomycetes;o__Thelephorales;f__Thelephoraceae;g__Tomentella;s__Tomentella_sp	k__Fungi;p__Basidiomycota;c__Agaricomycetes;o__Thelephorales;f__Thelephoraceae;g__Tomentella;s__Tomentella_cinereoumbrina	misclassification	6	[0, 1.0, 1.0, 0.99729729729729732, 0.98305084745762716, 0.94848484848484849, 0.69506726457399104]	[0, 0.98044009779951102, 0.95354523227383858, 0.90220048899755501, 0.85085574572127143, 0.76528117359413206, 0.37897310513447435]	[0, 0.99012345679012348, 0.97622027534418021, 0.94736842105263153, 0.91218872870249013, 0.8470906630581867, 0.49050632911392411]
F1-REF	6	0	naive-bayes	0.001:[6,6]:0.98	k__Fungi;p__Basidiomycota;c__Agaricomycetes;o__Thelephorales;f__Thelephoraceae;g__Tomentella;s__Tomentella_sp	k__Fungi;p__Basidiomycota;c__Agaricomycetes;o__Thelephorales;f__Thelephoraceae;g__Thelephora;s__Thelephora_sp	misclassification	5	[0, 1.0, 1.0, 0.99729729729729732, 0.98305084745762716, 0.94848484848484849, 0.69506726457399104]	[0, 0.98044009779951102, 0.95354523227383858, 0.90220048899755501, 0.85085574572127143, 0.76528117359413206, 0.37897310513447435]	[0, 0.99012345679012348, 0.97622027534418021, 0.94736842105263153, 0.91218872870249013, 0.8470906630581867, 0.49050632911392411]
F1-REF	6	0	naive-bayes	0.001:[6,6]:0.98	k__Fungi;p__Basidiomycota;c__Agaricomycetes;o__Thelephorales;f__Thelephoraceae;g__Tomentella	k__Fungi;p__Basidiomycota;c__Agaricomycetes;o__Thelephorales;f__Thelephoraceae;g__Tomentella;s__Tomentella_lateritia	underclassification	6	[0, 1.0, 1.0, 0.99729729729729732, 0.98305084745762716, 0.94848484848484849, 0.69506726457399104]	[0, 0.98044009779951102, 0.95354523227383858, 0.90220048899755501, 0.85085574572127143, 0.76528117359413206, 0.37897310513447435]	[0, 0.99012345679012348, 0.97622027534418021, 0.94736842105263153, 0.91218872870249013, 0.8470906630581867, 0.49050632911392411]
F1-REF	6	0	naive-bayes	0.001:[6,6]:0.98	k__Fungi;p__Basidiomycota;c__Agaricomycetes;o__Agaricales;f__Mycenaceae;g__Mycena;s__Mycena_maurella	k__Fungi;p__Basidiomycota;c__Agaricomycetes;o__Agaricales;f__Mycenaceae;g__Mycena;s__Mycena_speirea	misclassification	6	[0, 1.0, 1.0, 0.99729729729729732, 0.98305084745762716, 0.94848484848484849, 0.69506726457399104]	[0, 0.98044009779951102, 0.95354523227383858, 0.90220048899755501, 0.85085574572127143, 0.76528117359413206, 0.37897310513447435]	[0, 0.99012345679012348, 0.97622027534418021, 0.94736842105263153, 0.91218872870249013, 0.8470906630581867, 0.49050632911392411]
F1-REF	6	0	naive-bayes	0.001:[6,6]:0.98	k__Fungi;p__Basidiomycota;c__Agaricomycetes;o__Agaricales;f__Amanitaceae;g__Amanita	k__Fungi;p__Basidiomycota;c__Agaricomycetes;o__Agaricales;f__Amanitaceae;g__Amanita;s__Amanita_fuliginea	underclassification	6	[0, 1.0, 1.0, 0.99729729729729732, 0.98305084745762716, 0.94848484848484849, 0.69506726457399104]	[0, 0.98044009779951102, 0.95354523227383858, 0.90220048899755501, 0.85085574572127143, 0.76528117359413206, 0.37897310513447435]	[0, 0.99012345679012348, 0.97622027534418021, 0.94736842105263153, 0.91218872870249013, 0.8470906630581867, 0.49050632911392411]
F1-REF	6	0	naive-bayes	0.001:[6,6]:0.98	k__Fungi;p__Basidiomycota;c__Agaricomycetes;o__Agaricales;f__Amanitaceae;g__Amanita;s__Amanita_exitialis	k__Fungi;p__Basidiomycota;c__Agaricomycetes;o__Agaricales;f__Amanitaceae;g__Amanita;s__Amanita_exitialis	match	7	[0, 1.0, 1.0, 0.99729729729729732, 0.98305084745762716, 0.94848484848484849, 0.69506726457399104]	[0, 0.98044009779951102, 0.95354523227383858, 0.90220048899755501, 0.85085574572127143, 0.76528117359413206, 0.37897310513447435]	[0, 0.99012345679012348, 0.97622027534418021, 0.94736842105263153, 0.91218872870249013, 0.8470906630581867, 0.49050632911392411]
F1-REF	6	0	naive-bayes	0.001:[6,6]:0.98	k__Fungi;p__Zygomycota;c__Mucoromycotina_cls_Incertae_sedis;o__Mucorales;f__Mucoraceae	k__Fungi;p__Zygomycota;c__Mucoromycotina_cls_Incertae_sedis;o__Mucorales;f__Mucoraceae;g__Mucor;s__Mucor_flavus	underclassification	5	[0, 1.0, 1.0, 0.99729729729729732, 0.98305084745762716, 0.94848484848484849, 0.69506726457399104]	[0, 0.98044009779951102, 0.95354523227383858, 0.90220048899755501, 0.85085574572127143, 0.76528117359413206, 0.37897310513447435]	[0, 0.99012345679012348, 0.97622027534418021, 0.94736842105263153, 0.91218872870249013, 0.8470906630581867, 0.49050632911392411]
F1-REF	6	0	naive-bayes	0.001:[6,6]:0.98	k__Fungi;p__Basidiomycota;c__Agaricomycetes;o__Agaricales;f__Hygrophoraceae;g__Gloioxanthomyces;s__Gloioxanthomyces_nitidus	k__Fungi;p__Basidiomycota;c__Agaricomycetes;o__Agaricales;f__Hygrophoraceae;g__Gloioxanthomyces;s__Gloioxanthomyces_nitidus	match	7	[0, 1.0, 1.0, 0.99729729729729732, 0.98305084745762716, 0.94848484848484849, 0.69506726457399104]	[0, 0.98044009779951102, 0.95354523227383858, 0.90220048899755501, 0.85085574572127143, 0.76528117359413206, 0.37897310513447435]	[0, 0.99012345679012348, 0.97622027534418021, 0.94736842105263153, 0.91218872870249013, 0.8470906630581867, 0.49050632911392411]
F1-REF	6	0	naive-bayes	0.001:[6,6]:0.98	k__Fungi;p__Ascomycota;c__Leotiomycetes;o__Erysiphales;f__Erysiphaceae;g__Podosphaera	k__Fungi;p__Ascomycota;c__Leotiomycetes;o__Erysiphales;f__Erysiphaceae;g__Podosphaera;s__Podosphaera_sp	underclassification	6	[0, 1.0, 1.0, 0.99729729729729732, 0.98305084745762716, 0.94848484848484849, 0.69506726457399104]	[0, 0.98044009779951102, 0.95354523227383858, 0.90220048899755501, 0.85085574572127143, 0.76528117359413206, 0.37897310513447435]	[0, 0.99012345679012348, 0.97622027534418021, 0.94736842105263153, 0.91218872870249013, 0.8470906630581867, 0.49050632911392411]
F1-REF	6	0	naive-bayes	0.001:[6,6]:0.98	k__Fungi;p__Ascomycota;c__Sordariomycetes	k__Fungi;p__Ascomycota;c__Sordariomycetes;o__Hypocreomycetidae_ord_Incertae_sedis;f__Plectosphaerellaceae;g__Musicillium;s__Musicillium_theobromae	underclassification	3	[0, 1.0, 1.0, 0.99729729729729732, 0.98305084745762716, 0.94848484848484849, 0.69506726457399104]	[0, 0.98044009779951102, 0.95354523227383858, 0.90220048899755501, 0.85085574572127143, 0.76528117359413206, 0.37897310513447435]	[0, 0.99012345679012348, 0.97622027534418021, 0.94736842105263153, 0.91218872870249013, 0.8470906630581867, 0.49050632911392411]
F1-REF	6	0	naive-bayes	0.001:[6,6]:0.98	k__Fungi;p__Basidiomycota;c__Agaricomycetes;o__Polyporales;f__Fomitopsidaceae;g__Antrodia;s__Antrodia_juniperina	k__Fungi;p__Basidiomycota;c__Agaricomycetes;o__Polyporales;f__Fomitopsidaceae;g__Antrodia;s__Antrodia_juniperina	match	7	[0, 1.0, 1.0, 0.99729729729729732, 0.98305084745762716, 0.94848484848484849, 0.69506726457399104]	[0, 0.98044009779951102, 0.95354523227383858, 0.90220048899755501, 0.85085574572127143, 0.76528117359413206, 0.37897310513447435]	[0, 0.99012345679012348, 0.97622027534418021, 0.94736842105263153, 0.91218872870249013, 0.8470906630581867, 0.49050632911392411]
F1-REF	6	0	naive-bayes	0.001:[6,6]:0.98	k__Fungi;p__Basidiomycota;c__Agaricomycetes;o__Polyporales;f__Fomitopsidaceae;g__Fomitopsis	k__Fungi;p__Basidiomycota;c__Agaricomycetes;o__Polyporales;f__Fomitopsidaceae;g__Fomitopsis;s__Fomitopsis_rosea	underclassification	6	[0, 1.0, 1.0, 0.99729729729729732, 0.98305084745762716, 0.94848484848484849, 0.69506726457399104]	[0, 0.98044009779951102, 0.95354523227383858, 0.90220048899755501, 0.85085574572127143, 0.76528117359413206, 0.37897310513447435]	[0, 0.99012345679012348, 0.97622027534418021, 0.94736842105263153, 0.91218872870249013, 0.8470906630581867, 0.49050632911392411]
F1-REF	6	0	naive-bayes	0.001:[6,6]:0.98	k__Fungi;p__Basidiomycota;c__Agaricomycetes;o__Agaricales;f__Amanitaceae;g__Amanita;s__Amanita_pantherina	k__Fungi;p__Basidiomycota;c__Agaricomycetes;o__Agaricales;f__Amanitaceae;g__Amanita;s__Amanita_pantherina	match	7	[0, 1.0, 1.0, 0.99729729729729732, 0.98305084745762716, 0.94848484848484849, 0.69506726457399104]	[0, 0.98044009779951102, 0.95354523227383858, 0.90220048899755501, 0.85085574572127143, 0.76528117359413206, 0.37897310513447435]	[0, 0.99012345679012348, 0.97622027534418021, 0.94736842105263153, 0.91218872870249013, 0.8470906630581867, 0.49050632911392411]
F1-REF	6	0	naive-bayes	0.001:[6,6]:0.98	k__Fungi;p__Basidiomycota;c__Agaricomycetes;o__Agaricales;f__Amanitaceae;g__Amanita	k__Fungi;p__Basidiomycota;c__Agaricomycetes;o__Agaricales;f__Amanitaceae;g__Amanita;s__Amanita_gemmata	underclassification	6	[0, 1.0, 1.0, 0.99729729729729732, 0.98305084745762716, 0.94848484848484849, 0.69506726457399104]	[0, 0.98044009779951102, 0.95354523227383858, 0.90220048899755501, 0.85085574572127143, 0.76528117359413206, 0.37897310513447435]	[0, 0.99012345679012348, 0.97622027534418021, 0.94736842105263153, 0.91218872870249013, 0.8470906630581867, 0.49050632911392411]
F1-REF	6	0	naive-bayes	0.001:[6,6]:0.98	k__Fungi;p__Zygomycota;c__Mucoromycotina_cls_Incertae_sedis;o__Mucorales;f__Mucoraceae;g__Mucor;s__Mucor_piriformis	k__Fungi;p__Zygomycota;c__Mucoromycotina_cls_Incertae_sedis;o__Mucorales;f__Mucoraceae;g__Mucor;s__Mucor_piriformis	match	7	[0, 1.0, 1.0, 0.99729729729729732, 0.98305084745762716, 0.94848484848484849, 0.69506726457399104]	[0, 0.98044009779951102, 0.95354523227383858, 0.90220048899755501, 0.85085574572127143, 0.76528117359413206, 0.37897310513447435]	[0, 0.99012345679012348, 0.97622027534418021, 0.94736842105263153, 0.91218872870249013, 0.8470906630581867, 0.49050632911392411]
F1-REF	6	0	naive-bayes	0.001:[6,6]:0.98	k__Fungi;p__Basidiomycota;c__Agaricomycetes;o__Agaricales;f__Hydnangiaceae;g__Laccaria	k__Fungi;p__Basidiomycota;c__Agaricomycetes;o__Agaricales;f__Hydnangiaceae;g__Laccaria;s__Laccaria_laccata	underclassification	6	[0, 1.0, 1.0, 0.99729729729729732, 0.98305084745762716, 0.94848484848484849, 0.69506726457399104]	[0, 0.98044009779951102, 0.95354523227383858, 0.90220048899755501, 0.85085574572127143, 0.76528117359413206, 0.37897310513447435]	[0, 0.99012345679012348, 0.97622027534418021, 0.94736842105263153, 0.91218872870249013, 0.8470906630581867, 0.49050632911392411]
F1-REF	6	0	naive-bayes	0.001:[6,6]:0.98	k__Fungi;p__Ascomycota;c__Lecanoromycetes;o__Lecanorales;f__Parmeliaceae	k__Fungi;p__Ascomycota;c__Lecanoromycetes;o__Lecanorales;f__Parmeliaceae;g__Parmelina;s__Parmelina_atricha	underclassification	5	[0, 1.0, 1.0, 0.99729729729729732, 0.98305084745762716, 0.94848484848484849, 0.69506726457399104]	[0, 0.98044009779951102, 0.95354523227383858, 0.90220048899755501, 0.85085574572127143, 0.76528117359413206, 0.37897310513447435]	[0, 0.99012345679012348, 0.97622027534418021, 0.94736842105263153, 0.91218872870249013, 0.8470906630581867, 0.49050632911392411]
F1-REF	6	0	naive-bayes	0.001:[6,6]:0.98	k__Fungi;p__Ascomycota;c__Lecanoromycetes;o__Lecanorales;f__Parmeliaceae	k__Fungi;p__Ascomycota;c__Lecanoromycetes;o__Lecanorales;f__Parmeliaceae;g__Nipponoparmelia;s__Nipponoparmelia_laevior	underclassification	5	[0, 1.0, 1.0, 0.99729729729729732, 0.98305084745762716, 0.94848484848484849, 0.69506726457399104]	[0, 0.98044009779951102, 0.95354523227383858, 0.90220048899755501, 0.85085574572127143, 0.76528117359413206, 0.37897310513447435]	[0, 0.99012345679012348, 0.97622027534418021, 0.94736842105263153, 0.91218872870249013, 0.8470906630581867, 0.49050632911392411]
F1-REF	6	0	naive-bayes	0.001:[6,6]:0.98	k__Fungi;p__Basidiomycota;c__Agaricomycetes;o__Agaricales;f__Bolbitiaceae;g__Bolbitius;s__Bolbitius_reticulatus	k__Fungi;p__Basidiomycota;c__Agaricomycetes;o__Agaricales;f__Bolbitiaceae;g__Bolbitius;s__Bolbitius_reticulatus	match	7	[0, 1.0, 1.0, 0.99729729729729732, 0.98305084745762716, 0.94848484848484849, 0.69506726457399104]	[0, 0.98044009779951102, 0.95354523227383858, 0.90220048899755501, 0.85085574572127143, 0.76528117359413206, 0.37897310513447435]	[0, 0.99012345679012348, 0.97622027534418021, 0.94736842105263153, 0.91218872870249013, 0.8470906630581867, 0.49050632911392411]
F1-REF	6	0	naive-bayes	0.001:[6,6]:0.98	k__Fungi;p__Ascomycota;c__Pezizomycetes;o__Pezizales;f__Helvellaceae;g__Helvella;s__Helvella_vespertina	k__Fungi;p__Ascomycota;c__Pezizomycetes;o__Pezizales;f__Helvellaceae;g__Helvella;s__Helvella_sp	misclassification	6	[0, 1.0, 1.0, 0.99729729729729732, 0.98305084745762716, 0.94848484848484849, 0.69506726457399104]	[0, 0.98044009779951102, 0.95354523227383858, 0.90220048899755501, 0.85085574572127143, 0.76528117359413206, 0.37897310513447435]	[0, 0.99012345679012348, 0.97622027534418021, 0.94736842105263153, 0.91218872870249013, 0.8470906630581867, 0.49050632911392411]
F1-REF	6	0	naive-bayes	0.001:[6,6]:0.98	k__Fungi;p__Basidiomycota;c__Agaricomycetes;o__Russulales;f__Russulaceae;g__Russula	k__Fungi;p__Basidiomycota;c__Agaricomycetes;o__Russulales;f__Russulaceae;g__Russula;s__Russula_subnigricans	underclassification	6	[0, 1.0, 1.0, 0.99729729729729732, 0.98305084745762716, 0.94848484848484849, 0.69506726457399104]	[0, 0.98044009779951102, 0.95354523227383858, 0.90220048899755501, 0.85085574572127143, 0.76528117359413206, 0.37897310513447435]	[0, 0.99012345679012348, 0.97622027534418021, 0.94736842105263153, 0.91218872870249013, 0.8470906630581867, 0.49050632911392411]
F1-REF	6	0	naive-bayes	0.001:[6,6]:0.98	k__Fungi;p__Basidiomycota;c__Pucciniomycetes;o__Pucciniales;f__Pucciniaceae;g__Puccinia;s__Puccinia_recondita	k__Fungi;p__Basidiomycota;c__Pucciniomycetes;o__Pucciniales;f__Pucciniaceae;g__Puccinia;s__Puccinia_recondita	match	7	[0, 1.0, 1.0, 0.99729729729729732, 0.98305084745762716, 0.94848484848484849, 0.69506726457399104]	[0, 0.98044009779951102, 0.95354523227383858, 0.90220048899755501, 0.85085574572127143, 0.76528117359413206, 0.37897310513447435]	[0, 0.99012345679012348, 0.97622027534418021, 0.94736842105263153, 0.91218872870249013, 0.8470906630581867, 0.49050632911392411]
F1-REF	6	0	naive-bayes	0.001:[6,6]:0.98	k__Fungi;p__Ascomycota;c__Pezizomycetes;o__Pezizales;f__Pyronemataceae;g__Humaria;s__Humaria_sp	k__Fungi;p__Ascomycota;c__Pezizomycetes;o__Pezizales;f__Pyronemataceae;g__Humaria;s__Humaria_hemisphaerica	misclassification	6	[0, 1.0, 1.0, 0.99729729729729732, 0.98305084745762716, 0.94848484848484849, 0.69506726457399104]	[0, 0.98044009779951102, 0.95354523227383858, 0.90220048899755501, 0.85085574572127143, 0.76528117359413206, 0.37897310513447435]	[0, 0.99012345679012348, 0.97622027534418021, 0.94736842105263153, 0.91218872870249013, 0.8470906630581867, 0.49050632911392411]
F1-REF	6	0	naive-bayes	0.001:[6,6]:0.98	k__Fungi;p__Ascomycota;c__Pezizomycetes;o__Pezizales;f__Pyronemataceae;g__Humaria;s__Humaria_sp	k__Fungi;p__Ascomycota;c__Pezizomycetes;o__Pezizales;f__Pyronemataceae;g__Humaria;s__Humaria_sp	match	7	[0, 1.0, 1.0, 0.99729729729729732, 0.98305084745762716, 0.94848484848484849, 0.69506726457399104]	[0, 0.98044009779951102, 0.95354523227383858, 0.90220048899755501, 0.85085574572127143, 0.76528117359413206, 0.37897310513447435]	[0, 0.99012345679012348, 0.97622027534418021, 0.94736842105263153, 0.91218872870249013, 0.8470906630581867, 0.49050632911392411]
F1-REF	6	0	naive-bayes	0.001:[6,6]:0.98	k__Fungi;p__Glomeromycota;c__Glomeromycetes;o__Glomerales;f__Glomeraceae;g__Funneliformis	k__Fungi;p__Glomeromycota;c__Glomeromycetes;o__Glomerales;f__Glomeraceae;g__Funneliformis;s__Funneliformis_sp	underclassification	6	[0, 1.0, 1.0, 0.99729729729729732, 0.98305084745762716, 0.94848484848484849, 0.69506726457399104]	[0, 0.98044009779951102, 0.95354523227383858, 0.90220048899755501, 0.85085574572127143, 0.76528117359413206, 0.37897310513447435]	[0, 0.99012345679012348, 0.97622027534418021, 0.94736842105263153, 0.91218872870249013, 0.8470906630581867, 0.49050632911392411]
F1-REF	6	0	naive-bayes	0.001:[6,6]:0.98	k__Fungi;p__Basidiomycota;c__Agaricomycetes;o__Sebacinales;f__Sebacinales_Group_B;g__Serendipita;s__Serendipita_herbamans	k__Fungi;p__Basidiomycota;c__Agaricomycetes;o__Sebacinales;f__Sebacinaceae;g__Sebacina;s__Sebacina_sp	misclassification	4	[0, 1.0, 1.0, 0.99729729729729732, 0.98305084745762716, 0.94848484848484849, 0.69506726457399104]	[0, 0.98044009779951102, 0.95354523227383858, 0.90220048899755501, 0.85085574572127143, 0.76528117359413206, 0.37897310513447435]	[0, 0.99012345679012348, 0.97622027534418021, 0.94736842105263153, 0.91218872870249013, 0.8470906630581867, 0.49050632911392411]
F1-REF	6	0	naive-bayes	0.001:[6,6]:0.98	k__Fungi;p__Basidiomycota;c__Agaricomycetes;o__Cantharellales;f__Clavulinaceae;g__Clavulina;s__Clavulina_sp	k__Fungi;p__Basidiomycota;c__Agaricomycetes;o__Cantharellales;f__Clavulinaceae;g__Clavulina;s__Clavulina_sp	match	7	[0, 1.0, 1.0, 0.99729729729729732, 0.98305084745762716, 0.94848484848484849, 0.69506726457399104]	[0, 0.98044009779951102, 0.95354523227383858, 0.90220048899755501, 0.85085574572127143, 0.76528117359413206, 0.37897310513447435]	[0, 0.99012345679012348, 0.97622027534418021, 0.94736842105263153, 0.91218872870249013, 0.8470906630581867, 0.49050632911392411]
F1-REF	6	0	naive-bayes	0.001:[6,6]:0.98	k__Fungi;p__Basidiomycota;c__Agaricomycetes;o__Agaricales;f__Pleurotaceae;g__Hohenbuehelia;s__Hohenbuehelia_mastrucata	k__Fungi;p__Basidiomycota;c__Agaricomycetes;o__Agaricales;f__Pleurotaceae;g__Hohenbuehelia;s__Hohenbuehelia_mastrucata	match	7	[0, 1.0, 1.0, 0.99729729729729732, 0.98305084745762716, 0.94848484848484849, 0.69506726457399104]	[0, 0.98044009779951102, 0.95354523227383858, 0.90220048899755501, 0.85085574572127143, 0.76528117359413206, 0.37897310513447435]	[0, 0.99012345679012348, 0.97622027534418021, 0.94736842105263153, 0.91218872870249013, 0.8470906630581867, 0.49050632911392411]
F1-REF	6	0	naive-bayes	0.001:[6,6]:0.98	k__Fungi;p__Zygomycota;c__Mortierellomycotina_cls_Incertae_sedis;o__Mortierellales;f__Mortierellaceae;g__Mortierella	k__Fungi;p__Zygomycota;c__Mortierellomycotina_cls_Incertae_sedis;o__Mortierellales;f__Mortierellaceae;g__Mortierella;s__Mortierella_gamsii	underclassification	6	[0, 1.0, 1.0, 0.99729729729729732, 0.98305084745762716, 0.94848484848484849, 0.69506726457399104]	[0, 0.98044009779951102, 0.95354523227383858, 0.90220048899755501, 0.85085574572127143, 0.76528117359413206, 0.37897310513447435]	[0, 0.99012345679012348, 0.97622027534418021, 0.94736842105263153, 0.91218872870249013, 0.8470906630581867, 0.49050632911392411]
F1-REF	6	0	naive-bayes	0.001:[6,6]:0.98	k__Fungi;p__Zygomycota;c__Mortierellomycotina_cls_Incertae_sedis;o__Mortierellales;f__Mortierellaceae;g__Mortierella;s__Mortierella_nantahalensis	k__Fungi;p__Zygomycota;c__Mortierellomycotina_cls_Incertae_sedis;o__Mortierellales;f__Mortierellaceae;g__Mortierella;s__Mortierella_biramosa	misclassification	6	[0, 1.0, 1.0, 0.99729729729729732, 0.98305084745762716, 0.94848484848484849, 0.69506726457399104]	[0, 0.98044009779951102, 0.95354523227383858, 0.90220048899755501, 0.85085574572127143, 0.76528117359413206, 0.37897310513447435]	[0, 0.99012345679012348, 0.97622027534418021, 0.94736842105263153, 0.91218872870249013, 0.8470906630581867, 0.49050632911392411]
F1-REF	6	0	naive-bayes	0.001:[6,6]:0.98	k__Fungi;p__Basidiomycota;c__Agaricomycetes;o__Russulales;f__Auriscalpiaceae;g__Lentinellus	k__Fungi;p__Basidiomycota;c__Agaricomycetes;o__Russulales;f__Auriscalpiaceae;g__Lentinellus;s__Lentinellus_flabelliformis	underclassification	6	[0, 1.0, 1.0, 0.99729729729729732, 0.98305084745762716, 0.94848484848484849, 0.69506726457399104]	[0, 0.98044009779951102, 0.95354523227383858, 0.90220048899755501, 0.85085574572127143, 0.76528117359413206, 0.37897310513447435]	[0, 0.99012345679012348, 0.97622027534418021, 0.94736842105263153, 0.91218872870249013, 0.8470906630581867, 0.49050632911392411]
F1-REF	6	0	naive-bayes	0.001:[6,6]:0.98	k__Fungi;p__Basidiomycota;c__Agaricomycetes;o__Russulales;f__Auriscalpiaceae;g__Lentinellus;s__Lentinellus_castoreus	k__Fungi;p__Basidiomycota;c__Agaricomycetes;o__Russulales;f__Auriscalpiaceae;g__Lentinellus;s__Lentinellus_castoreus	match	7	[0, 1.0, 1.0, 0.99729729729729732, 0.98305084745762716, 0.94848484848484849, 0.69506726457399104]	[0, 0.98044009779951102, 0.95354523227383858, 0.90220048899755501, 0.85085574572127143, 0.76528117359413206, 0.37897310513447435]	[0, 0.99012345679012348, 0.97622027534418021, 0.94736842105263153, 0.91218872870249013, 0.8470906630581867, 0.49050632911392411]
F1-REF	6	0	naive-bayes	0.001:[6,6]:0.98	k__Fungi;p__Basidiomycota;c__Agaricomycetes;o__Atheliales;f__Atheliaceae;g__Athelia;s__Athelia_decipiens	k__Fungi;p__Basidiomycota;c__Agaricomycetes;o__Atheliales;f__Atheliaceae;g__Athelia;s__Athelia_sp	misclassification	6	[0, 1.0, 1.0, 0.99729729729729732, 0.98305084745762716, 0.94848484848484849, 0.69506726457399104]	[0, 0.98044009779951102, 0.95354523227383858, 0.90220048899755501, 0.85085574572127143, 0.76528117359413206, 0.37897310513447435]	[0, 0.99012345679012348, 0.97622027534418021, 0.94736842105263153, 0.91218872870249013, 0.8470906630581867, 0.49050632911392411]
F1-REF	6	0	naive-bayes	0.001:[6,6]:0.98	k__Fungi;p__Basidiomycota;c__Agaricomycetes;o__Russulales;f__Russulaceae;g__Russula	k__Fungi;p__Basidiomycota;c__Agaricomycetes;o__Russulales;f__Russulaceae;g__Russula;s__Russula_crustosa	underclassification	6	[0, 1.0, 1.0, 0.99729729729729732, 0.98305084745762716, 0.94848484848484849, 0.69506726457399104]	[0, 0.98044009779951102, 0.95354523227383858, 0.90220048899755501, 0.85085574572127143, 0.76528117359413206, 0.37897310513447435]	[0, 0.99012345679012348, 0.97622027534418021, 0.94736842105263153, 0.91218872870249013, 0.8470906630581867, 0.49050632911392411]
F1-REF	6	0	naive-bayes	0.001:[6,6]:0.98	k__Fungi;p__Basidiomycota;c__Agaricomycetes;o__Agaricales;f__Tricholomataceae;g__Tricholoma;s__Tricholoma_aestuans	k__Fungi;p__Basidiomycota;c__Agaricomycetes;o__Agaricales;f__Tricholomataceae;g__Tricholoma;s__Tricholoma_sejunctum	misclassification	6	[0, 1.0, 1.0, 0.99729729729729732, 0.98305084745762716, 0.94848484848484849, 0.69506726457399104]	[0, 0.98044009779951102, 0.95354523227383858, 0.90220048899755501, 0.85085574572127143, 0.76528117359413206, 0.37897310513447435]	[0, 0.99012345679012348, 0.97622027534418021, 0.94736842105263153, 0.91218872870249013, 0.8470906630581867, 0.49050632911392411]
F1-REF	6	0	naive-bayes	0.001:[6,6]:0.98	k__Fungi;p__Ascomycota;c__Saccharomycetes;o__Saccharomycetales;f__Pichiaceae;g__Dekkera;s__Dekkera_bruxellensis	k__Fungi;p__Ascomycota;c__Saccharomycetes;o__Saccharomycetales;f__Pichiaceae;g__Dekkera;s__Dekkera_bruxellensis	match	7	[0, 1.0, 1.0, 0.99729729729729732, 0.98305084745762716, 0.94848484848484849, 0.69506726457399104]	[0, 0.98044009779951102, 0.95354523227383858, 0.90220048899755501, 0.85085574572127143, 0.76528117359413206, 0.37897310513447435]	[0, 0.99012345679012348, 0.97622027534418021, 0.94736842105263153, 0.91218872870249013, 0.8470906630581867, 0.49050632911392411]
F1-REF	6	0	naive-bayes	0.001:[6,6]:0.98	k__Fungi;p__Ascomycota;c__Lecanoromycetes;o__Lecanorales;f__Ramalinaceae;g__Ramalina;s__Ramalina_sinensis	k__Fungi;p__Ascomycota;c__Lecanoromycetes;o__Lecanorales;f__Ramalinaceae;g__Ramalina;s__Ramalina_sinensis	match	7	[0, 1.0, 1.0, 0.99729729729729732, 0.98305084745762716, 0.94848484848484849, 0.69506726457399104]	[0, 0.98044009779951102, 0.95354523227383858, 0.90220048899755501, 0.85085574572127143, 0.76528117359413206, 0.37897310513447435]	[0, 0.99012345679012348, 0.97622027534418021, 0.94736842105263153, 0.91218872870249013, 0.8470906630581867, 0.49050632911392411]
F1-REF	6	0	naive-bayes	0.001:[6,6]:0.98	k__Fungi;p__Ascomycota;c__Lecanoromycetes;o__Lecanorales;f__Ramalinaceae;g__Ramalina	k__Fungi;p__Ascomycota;c__Lecanoromycetes;o__Lecanorales;f__Ramalinaceae;g__Ramalina;s__Ramalina_conduplicans	underclassification	6	[0, 1.0, 1.0, 0.99729729729729732, 0.98305084745762716, 0.94848484848484849, 0.69506726457399104]	[0, 0.98044009779951102, 0.95354523227383858, 0.90220048899755501, 0.85085574572127143, 0.76528117359413206, 0.37897310513447435]	[0, 0.99012345679012348, 0.97622027534418021, 0.94736842105263153, 0.91218872870249013, 0.8470906630581867, 0.49050632911392411]
F1-REF	6	0	naive-bayes	0.001:[6,6]:0.98	k__Fungi;p__Ascomycota;c__Lecanoromycetes;o__Lecanorales;f__Ramalinaceae;g__Ramalina	k__Fungi;p__Ascomycota;c__Lecanoromycetes;o__Lecanorales;f__Ramalinaceae;g__Ramalina;s__Ramalina_chondrina	underclassification	6	[0, 1.0, 1.0, 0.99729729729729732, 0.98305084745762716, 0.94848484848484849, 0.69506726457399104]	[0, 0.98044009779951102, 0.95354523227383858, 0.90220048899755501, 0.85085574572127143, 0.76528117359413206, 0.37897310513447435]	[0, 0.99012345679012348, 0.97622027534418021, 0.94736842105263153, 0.91218872870249013, 0.8470906630581867, 0.49050632911392411]
F1-REF	6	0	naive-bayes	0.001:[6,6]:0.98	k__Fungi;p__Ascomycota;c__Saccharomycetes;o__Saccharomycetales;f__Dipodascaceae;g__Dipodascus;s__Dipodascus_geotrichum	k__Fungi;p__Ascomycota;c__Saccharomycetes;o__Saccharomycetales;f__Dipodascaceae;g__Dipodascus;s__Dipodascus_geotrichum	match	7	[0, 1.0, 1.0, 0.99729729729729732, 0.98305084745762716, 0.94848484848484849, 0.69506726457399104]	[0, 0.98044009779951102, 0.95354523227383858, 0.90220048899755501, 0.85085574572127143, 0.76528117359413206, 0.37897310513447435]	[0, 0.99012345679012348, 0.97622027534418021, 0.94736842105263153, 0.91218872870249013, 0.8470906630581867, 0.49050632911392411]
F1-REF	6	0	naive-bayes	0.001:[6,6]:0.98	k__Fungi;p__Glomeromycota;c__Glomeromycetes;o__Diversisporales;f__Gigasporaceae	k__Fungi;p__Glomeromycota;c__Glomeromycetes;o__Diversisporales;f__Gigasporaceae;g__Dentiscutata;s__Dentiscutata_savannicola	underclassification	5	[0, 1.0, 1.0, 0.99729729729729732, 0.98305084745762716, 0.94848484848484849, 0.69506726457399104]	[0, 0.98044009779951102, 0.95354523227383858, 0.90220048899755501, 0.85085574572127143, 0.76528117359413206, 0.37897310513447435]	[0, 0.99012345679012348, 0.97622027534418021, 0.94736842105263153, 0.91218872870249013, 0.8470906630581867, 0.49050632911392411]
F1-REF	6	0	naive-bayes	0.001:[6,6]:0.98	k__Fungi;p__Basidiomycota;c__Agaricomycetes;o__Agaricales;f__Entolomataceae;g__Entoloma;s__Entoloma_majaloides	k__Fungi;p__Basidiomycota;c__Agaricomycetes;o__Agaricales;f__Entolomataceae;g__Entoloma;s__Entoloma_majaloides	match	7	[0, 1.0, 1.0, 0.99729729729729732, 0.98305084745762716, 0.94848484848484849, 0.69506726457399104]	[0, 0.98044009779951102, 0.95354523227383858, 0.90220048899755501, 0.85085574572127143, 0.76528117359413206, 0.37897310513447435]	[0, 0.99012345679012348, 0.97622027534418021, 0.94736842105263153, 0.91218872870249013, 0.8470906630581867, 0.49050632911392411]
F1-REF	6	0	naive-bayes	0.001:[6,6]:0.98	k__Fungi;p__Basidiomycota;c__Agaricomycetes;o__Agaricales	k__Fungi;p__Basidiomycota;c__Agaricomycetes;o__Agaricales;f__Entolomataceae;g__Entoloma;s__Entoloma_caccabus	underclassification	4	[0, 1.0, 1.0, 0.99729729729729732, 0.98305084745762716, 0.94848484848484849, 0.69506726457399104]	[0, 0.98044009779951102, 0.95354523227383858, 0.90220048899755501, 0.85085574572127143, 0.76528117359413206, 0.37897310513447435]	[0, 0.99012345679012348, 0.97622027534418021, 0.94736842105263153, 0.91218872870249013, 0.8470906630581867, 0.49050632911392411]
F1-REF	6	0	naive-bayes	0.001:[6,6]:0.98	k__Fungi;p__Basidiomycota;c__Agaricomycetes	k__Fungi;p__Basidiomycota;c__Agaricomycetes;o__Hymenochaetales;f__Hymenochaetaceae;g__Coltricia;s__Coltricia_sp	underclassification	3	[0, 1.0, 1.0, 0.99729729729729732, 0.98305084745762716, 0.94848484848484849, 0.69506726457399104]	[0, 0.98044009779951102, 0.95354523227383858, 0.90220048899755501, 0.85085574572127143, 0.76528117359413206, 0.37897310513447435]	[0, 0.99012345679012348, 0.97622027534418021, 0.94736842105263153, 0.91218872870249013, 0.8470906630581867, 0.49050632911392411]
F1-REF	6	0	naive-bayes	0.001:[6,6]:0.98	k__Fungi;p__Ascomycota;c__Leotiomycetes	k__Fungi;p__Ascomycota;c__Leotiomycetes;o__Leotiomycetes_ord_Incertae_sedis;f__Leotiomycetes_fam_Incertae_sedis;g__Meliniomyces;s__Meliniomyces_sp	underclassification	3	[0, 1.0, 1.0, 0.99729729729729732, 0.98305084745762716, 0.94848484848484849, 0.69506726457399104]	[0, 0.98044009779951102, 0.95354523227383858, 0.90220048899755501, 0.85085574572127143, 0.76528117359413206, 0.37897310513447435]	[0, 0.99012345679012348, 0.97622027534418021, 0.94736842105263153, 0.91218872870249013, 0.8470906630581867, 0.49050632911392411]
F1-REF	6	0	naive-bayes	0.001:[6,6]:0.98	k__Fungi;p__Basidiomycota;c__Agaricomycetes;o__Russulales;f__Russulaceae;g__Russula;s__Russula_olivacea	k__Fungi;p__Basidiomycota;c__Agaricomycetes;o__Russulales;f__Russulaceae;g__Russula;s__Russula_olivacea	match	7	[0, 1.0, 1.0, 0.99729729729729732, 0.98305084745762716, 0.94848484848484849, 0.69506726457399104]	[0, 0.98044009779951102, 0.95354523227383858, 0.90220048899755501, 0.85085574572127143, 0.76528117359413206, 0.37897310513447435]	[0, 0.99012345679012348, 0.97622027534418021, 0.94736842105263153, 0.91218872870249013, 0.8470906630581867, 0.49050632911392411]
F1-REF	6	0	naive-bayes	0.001:[6,6]:0.98	k__Fungi;p__Ascomycota;c__Sordariomycetes;o__Microascales;f__Halosphaeriaceae;g__Lignincola;s__Lignincola_laevis	k__Fungi;p__Ascomycota;c__Sordariomycetes;o__Microascales;f__Halosphaeriaceae;g__Lignincola;s__Lignincola_laevis	match	7	[0, 1.0, 1.0, 0.99729729729729732, 0.98305084745762716, 0.94848484848484849, 0.69506726457399104]	[0, 0.98044009779951102, 0.95354523227383858, 0.90220048899755501, 0.85085574572127143, 0.76528117359413206, 0.37897310513447435]	[0, 0.99012345679012348, 0.97622027534418021, 0.94736842105263153, 0.91218872870249013, 0.8470906630581867, 0.49050632911392411]
F1-REF	6	0	naive-bayes	0.001:[6,6]:0.98	k__Fungi;p__Basidiomycota;c__Agaricomycetes;o__Gomphales;f__Gomphaceae;g__Gautieria;s__Gautieria_sp	k__Fungi;p__Basidiomycota;c__Agaricomycetes;o__Gomphales;f__Gomphaceae;g__Gautieria;s__Gautieria_monticola	misclassification	6	[0, 1.0, 1.0, 0.99729729729729732, 0.98305084745762716, 0.94848484848484849, 0.69506726457399104]	[0, 0.98044009779951102, 0.95354523227383858, 0.90220048899755501, 0.85085574572127143, 0.76528117359413206, 0.37897310513447435]	[0, 0.99012345679012348, 0.97622027534418021, 0.94736842105263153, 0.91218872870249013, 0.8470906630581867, 0.49050632911392411]
F1-REF	6	0	naive-bayes	0.001:[6,6]:0.98	k__Fungi;p__Basidiomycota;c__Agaricomycetes;o__Gomphales;f__Gomphaceae;g__Gautieria;s__Gautieria_sp	k__Fungi;p__Basidiomycota;c__Agaricomycetes;o__Gomphales;f__Gomphaceae;g__Gautieria;s__Gautieria_sp	match	7	[0, 1.0, 1.0, 0.99729729729729732, 0.98305084745762716, 0.94848484848484849, 0.69506726457399104]	[0, 0.98044009779951102, 0.95354523227383858, 0.90220048899755501, 0.85085574572127143, 0.76528117359413206, 0.37897310513447435]	[0, 0.99012345679012348, 0.97622027534418021, 0.94736842105263153, 0.91218872870249013, 0.8470906630581867, 0.49050632911392411]
F1-REF	6	0	naive-bayes	0.001:[6,6]:0.98	k__Fungi	k__Fungi;p__Ascomycota;c__Dothideomycetes;o__Pleosporales;f__Lophiostomataceae;g__Lophiostoma;s__Lophiostoma_sp	underclassification	1	[0, 1.0, 1.0, 0.99729729729729732, 0.98305084745762716, 0.94848484848484849, 0.69506726457399104]	[0, 0.98044009779951102, 0.95354523227383858, 0.90220048899755501, 0.85085574572127143, 0.76528117359413206, 0.37897310513447435]	[0, 0.99012345679012348, 0.97622027534418021, 0.94736842105263153, 0.91218872870249013, 0.8470906630581867, 0.49050632911392411]
F1-REF	6	0	naive-bayes	0.001:[6,6]:0.98	k__Fungi;p__Ascomycota;c__Sordariomycetes;o__Chaetosphaeriales;f__Chaetosphaeriaceae;g__Chaetosphaeria;s__Chaetosphaeria_sp	k__Fungi;p__Ascomycota;c__Sordariomycetes;o__Chaetosphaeriales;f__Chaetosphaeriaceae;g__Chloridium;s__Chloridium_sp	misclassification	5	[0, 1.0, 1.0, 0.99729729729729732, 0.98305084745762716, 0.94848484848484849, 0.69506726457399104]	[0, 0.98044009779951102, 0.95354523227383858, 0.90220048899755501, 0.85085574572127143, 0.76528117359413206, 0.37897310513447435]	[0, 0.99012345679012348, 0.97622027534418021, 0.94736842105263153, 0.91218872870249013, 0.8470906630581867, 0.49050632911392411]
F1-REF	6	0	naive-bayes	0.001:[6,6]:0.98	k__Fungi;p__Basidiomycota;c__Tremellomycetes;o__Tremellales;f__Tremellales_fam_Incertae_sedis;g__Cryptococcus;s__Cryptococcus_victoriae	k__Fungi;p__Basidiomycota;c__Tremellomycetes;o__Tremellales;f__Tremellales_fam_Incertae_sedis;g__Cryptococcus;s__Cryptococcus_victoriae	match	7	[0, 1.0, 1.0, 0.99729729729729732, 0.98305084745762716, 0.94848484848484849, 0.69506726457399104]	[0, 0.98044009779951102, 0.95354523227383858, 0.90220048899755501, 0.85085574572127143, 0.76528117359413206, 0.37897310513447435]	[0, 0.99012345679012348, 0.97622027534418021, 0.94736842105263153, 0.91218872870249013, 0.8470906630581867, 0.49050632911392411]
F1-REF	6	0	naive-bayes	0.001:[6,6]:0.98	k__Fungi;p__Ascomycota;c__Eurotiomycetes;o__Chaetothyriales;f__Herpotrichiellaceae;g__Cladophialophora	k__Fungi;p__Ascomycota;c__Eurotiomycetes;o__Chaetothyriales;f__Herpotrichiellaceae;g__Exophiala;s__Exophiala_sp	misclassification	5	[0, 1.0, 1.0, 0.99729729729729732, 0.98305084745762716, 0.94848484848484849, 0.69506726457399104]	[0, 0.98044009779951102, 0.95354523227383858, 0.90220048899755501, 0.85085574572127143, 0.76528117359413206, 0.37897310513447435]	[0, 0.99012345679012348, 0.97622027534418021, 0.94736842105263153, 0.91218872870249013, 0.8470906630581867, 0.49050632911392411]
F1-REF	6	0	naive-bayes	0.001:[6,6]:0.98	k__Fungi;p__Ascomycota;c__Lecanoromycetes;o__Teloschistales;f__Physciaceae;g__Physcia	k__Fungi;p__Ascomycota;c__Lecanoromycetes;o__Teloschistales;f__Physciaceae;g__Physcia;s__Physcia_sp	underclassification	6	[0, 1.0, 1.0, 0.99729729729729732, 0.98305084745762716, 0.94848484848484849, 0.69506726457399104]	[0, 0.98044009779951102, 0.95354523227383858, 0.90220048899755501, 0.85085574572127143, 0.76528117359413206, 0.37897310513447435]	[0, 0.99012345679012348, 0.97622027534418021, 0.94736842105263153, 0.91218872870249013, 0.8470906630581867, 0.49050632911392411]
F1-REF	6	0	naive-bayes	0.001:[6,6]:0.98	k__Fungi;p__Ascomycota;c__Lecanoromycetes;o__Teloschistales;f__Physciaceae;g__Physcia	k__Fungi;p__Ascomycota;c__Lecanoromycetes;o__Teloschistales;f__Physciaceae;g__Physcia;s__Physcia_stellaris	underclassification	6	[0, 1.0, 1.0, 0.99729729729729732, 0.98305084745762716, 0.94848484848484849, 0.69506726457399104]	[0, 0.98044009779951102, 0.95354523227383858, 0.90220048899755501, 0.85085574572127143, 0.76528117359413206, 0.37897310513447435]	[0, 0.99012345679012348, 0.97622027534418021, 0.94736842105263153, 0.91218872870249013, 0.8470906630581867, 0.49050632911392411]
F1-REF	6	0	naive-bayes	0.001:[6,6]:0.98	k__Fungi;p__Ascomycota;c__Dothideomycetes;o__Pleosporales	k__Fungi;p__Ascomycota;c__Dothideomycetes;o__Pleosporales;f__Phaeosphaeriaceae;g__Sclerostagonospora;s__Sclerostagonospora_sp	underclassification	4	[0, 1.0, 1.0, 0.99729729729729732, 0.98305084745762716, 0.94848484848484849, 0.69506726457399104]	[0, 0.98044009779951102, 0.95354523227383858, 0.90220048899755501, 0.85085574572127143, 0.76528117359413206, 0.37897310513447435]	[0, 0.99012345679012348, 0.97622027534418021, 0.94736842105263153, 0.91218872870249013, 0.8470906630581867, 0.49050632911392411]
F1-REF	6	0	naive-bayes	0.001:[6,6]:0.98	k__Fungi;p__Basidiomycota;c__Agaricomycetes;o__Agaricales;f__Cortinariaceae;g__Phaeocollybia;s__Phaeocollybia_gregaria	k__Fungi;p__Basidiomycota;c__Agaricomycetes;o__Agaricales;f__Cortinariaceae;g__Phaeocollybia;s__Phaeocollybia_olivacea	misclassification	6	[0, 1.0, 1.0, 0.99729729729729732, 0.98305084745762716, 0.94848484848484849, 0.69506726457399104]	[0, 0.98044009779951102, 0.95354523227383858, 0.90220048899755501, 0.85085574572127143, 0.76528117359413206, 0.37897310513447435]	[0, 0.99012345679012348, 0.97622027534418021, 0.94736842105263153, 0.91218872870249013, 0.8470906630581867, 0.49050632911392411]
F1-REF	6	0	naive-bayes	0.001:[6,6]:0.98	k__Fungi;p__Basidiomycota;c__Agaricomycetes;o__Thelephorales;f__Thelephoraceae;g__Pseudotomentella	k__Fungi;p__Basidiomycota;c__Agaricomycetes;o__Thelephorales;f__Thelephoraceae;g__Pseudotomentella;s__Pseudotomentella_sp	underclassification	6	[0, 1.0, 1.0, 0.99729729729729732, 0.98305084745762716, 0.94848484848484849, 0.69506726457399104]	[0, 0.98044009779951102, 0.95354523227383858, 0.90220048899755501, 0.85085574572127143, 0.76528117359413206, 0.37897310513447435]	[0, 0.99012345679012348, 0.97622027534418021, 0.94736842105263153, 0.91218872870249013, 0.8470906630581867, 0.49050632911392411]
F1-REF	6	0	naive-bayes	0.001:[6,6]:0.98	k__Fungi;p__Basidiomycota;c__Agaricomycetes;o__Agaricales;f__Agaricaceae;g__Melanophyllum;s__Melanophyllum_haematospermum	k__Fungi;p__Basidiomycota;c__Agaricomycetes;o__Agaricales;f__Agaricaceae;g__Melanophyllum;s__Melanophyllum_haematospermum	match	7	[0, 1.0, 1.0, 0.99729729729729732, 0.98305084745762716, 0.94848484848484849, 0.69506726457399104]	[0, 0.98044009779951102, 0.95354523227383858, 0.90220048899755501, 0.85085574572127143, 0.76528117359413206, 0.37897310513447435]	[0, 0.99012345679012348, 0.97622027534418021, 0.94736842105263153, 0.91218872870249013, 0.8470906630581867, 0.49050632911392411]
F1-REF	6	0	naive-bayes	0.001:[6,6]:0.98	k__Fungi;p__Basidiomycota;c__Agaricomycetes;o__Agaricales	k__Fungi;p__Basidiomycota;c__Agaricomycetes;o__Agaricales;f__Agaricaceae;g__Cystolepiota;s__Cystolepiota_sp	underclassification	4	[0, 1.0, 1.0, 0.99729729729729732, 0.98305084745762716, 0.94848484848484849, 0.69506726457399104]	[0, 0.98044009779951102, 0.95354523227383858, 0.90220048899755501, 0.85085574572127143, 0.76528117359413206, 0.37897310513447435]	[0, 0.99012345679012348, 0.97622027534418021, 0.94736842105263153, 0.91218872870249013, 0.8470906630581867, 0.49050632911392411]
F1-REF	6	0	naive-bayes	0.001:[6,6]:0.98	k__Fungi;p__Basidiomycota;c__Agaricomycetes;o__Thelephorales;f__Bankeraceae;g__Hydnellum;s__Hydnellum_peckii	k__Fungi;p__Basidiomycota;c__Agaricomycetes;o__Thelephorales;f__Bankeraceae;g__Hydnellum;s__Hydnellum_peckii	match	7	[0, 1.0, 1.0, 0.99729729729729732, 0.98305084745762716, 0.94848484848484849, 0.69506726457399104]	[0, 0.98044009779951102, 0.95354523227383858, 0.90220048899755501, 0.85085574572127143, 0.76528117359413206, 0.37897310513447435]	[0, 0.99012345679012348, 0.97622027534418021, 0.94736842105263153, 0.91218872870249013, 0.8470906630581867, 0.49050632911392411]
F1-REF	6	0	naive-bayes	0.001:[6,6]:0.98	k__Fungi;p__Basidiomycota;c__Agaricomycetes;o__Russulales;f__Russulaceae;g__Lactarius;s__Lactarius_chrysorrheus	k__Fungi;p__Basidiomycota;c__Agaricomycetes;o__Russulales;f__Russulaceae;g__Lactarius;s__Lactarius_chrysorrheus	match	7	[0, 1.0, 1.0, 0.99729729729729732, 0.98305084745762716, 0.94848484848484849, 0.69506726457399104]	[0, 0.98044009779951102, 0.95354523227383858, 0.90220048899755501, 0.85085574572127143, 0.76528117359413206, 0.37897310513447435]	[0, 0.99012345679012348, 0.97622027534418021, 0.94736842105263153, 0.91218872870249013, 0.8470906630581867, 0.49050632911392411]
F1-REF	6	0	naive-bayes	0.001:[6,6]:0.98	k__Fungi;p__Ascomycota;c__Eurotiomycetes;o__Eurotiales;f__Trichocomaceae;g__Penicillium	k__Fungi;p__Ascomycota;c__Eurotiomycetes;o__Eurotiales;f__Trichocomaceae;g__Penicillium;s__Penicillium_solitum	underclassification	6	[0, 1.0, 1.0, 0.99729729729729732, 0.98305084745762716, 0.94848484848484849, 0.69506726457399104]	[0, 0.98044009779951102, 0.95354523227383858, 0.90220048899755501, 0.85085574572127143, 0.76528117359413206, 0.37897310513447435]	[0, 0.99012345679012348, 0.97622027534418021, 0.94736842105263153, 0.91218872870249013, 0.8470906630581867, 0.49050632911392411]
F1-REF	6	0	naive-bayes	0.001:[6,6]:0.98	k__Fungi;p__Basidiomycota;c__Agaricomycetes;o__Boletales;f__Paxillaceae;g__Melanogaster;s__Melanogaster_ambiguus	k__Fungi;p__Basidiomycota;c__Agaricomycetes;o__Boletales;f__Paxillaceae;g__Melanogaster;s__Melanogaster_ambiguus	match	7	[0, 1.0, 1.0, 0.99729729729729732, 0.98305084745762716, 0.94848484848484849, 0.69506726457399104]	[0, 0.98044009779951102, 0.95354523227383858, 0.90220048899755501, 0.85085574572127143, 0.76528117359413206, 0.37897310513447435]	[0, 0.99012345679012348, 0.97622027534418021, 0.94736842105263153, 0.91218872870249013, 0.8470906630581867, 0.49050632911392411]
F1-REF	6	0	naive-bayes	0.001:[6,6]:0.98	k__Fungi;p__Basidiomycota;c__Agaricomycetes;o__Boletales;f__Paxillaceae;g__Melanogaster	k__Fungi;p__Basidiomycota;c__Agaricomycetes;o__Boletales;f__Paxillaceae;g__Melanogaster;s__Melanogaster_sp	underclassification	6	[0, 1.0, 1.0, 0.99729729729729732, 0.98305084745762716, 0.94848484848484849, 0.69506726457399104]	[0, 0.98044009779951102, 0.95354523227383858, 0.90220048899755501, 0.85085574572127143, 0.76528117359413206, 0.37897310513447435]	[0, 0.99012345679012348, 0.97622027534418021, 0.94736842105263153, 0.91218872870249013, 0.8470906630581867, 0.49050632911392411]
F1-REF	6	0	naive-bayes	0.001:[6,6]:0.98	k__Fungi;p__Basidiomycota;c__Agaricomycetes;o__Agaricales;f__Agaricaceae;g__Cystoderma	k__Fungi;p__Basidiomycota;c__Agaricomycetes;o__Agaricales;f__Agaricaceae;g__Cystoderma;s__Cystoderma_andinum	underclassification	6	[0, 1.0, 1.0, 0.99729729729729732, 0.98305084745762716, 0.94848484848484849, 0.69506726457399104]	[0, 0.98044009779951102, 0.95354523227383858, 0.90220048899755501, 0.85085574572127143, 0.76528117359413206, 0.37897310513447435]	[0, 0.99012345679012348, 0.97622027534418021, 0.94736842105263153, 0.91218872870249013, 0.8470906630581867, 0.49050632911392411]
F1-REF	6	0	naive-bayes	0.001:[6,6]:0.98	k__Fungi;p__Ascomycota;c__Dothideomycetes;o__Pleosporales;f__Pleosporales_fam_Incertae_sedis;g__Phoma;s__Phoma_sp	k__Fungi;p__Ascomycota;c__Dothideomycetes;o__Pleosporales;f__Pleosporales_fam_Incertae_sedis;g__Shiraia;s__Shiraia_sp	misclassification	5	[0, 1.0, 1.0, 0.99729729729729732, 0.98305084745762716, 0.94848484848484849, 0.69506726457399104]	[0, 0.98044009779951102, 0.95354523227383858, 0.90220048899755501, 0.85085574572127143, 0.76528117359413206, 0.37897310513447435]	[0, 0.99012345679012348, 0.97622027534418021, 0.94736842105263153, 0.91218872870249013, 0.8470906630581867, 0.49050632911392411]
F1-REF	6	0	naive-bayes	0.001:[6,6]:0.98	k__Fungi;p__Basidiomycota;c__Agaricomycetes;o__Thelephorales;f__Bankeraceae;g__Sarcodon;s__Sarcodon_quercinofibulatus	k__Fungi;p__Basidiomycota;c__Agaricomycetes;o__Thelephorales;f__Bankeraceae;g__Sarcodon;s__Sarcodon_imbricatus	misclassification	6	[0, 1.0, 1.0, 0.99729729729729732, 0.98305084745762716, 0.94848484848484849, 0.69506726457399104]	[0, 0.98044009779951102, 0.95354523227383858, 0.90220048899755501, 0.85085574572127143, 0.76528117359413206, 0.37897310513447435]	[0, 0.99012345679012348, 0.97622027534418021, 0.94736842105263153, 0.91218872870249013, 0.8470906630581867, 0.49050632911392411]
F1-REF	6	0	naive-bayes	0.001:[6,6]:0.98	k__Fungi;p__Basidiomycota	k__Fungi;p__Basidiomycota;c__Ustilaginomycetes;o__Ustilaginales;f__Ustilaginaceae;g__Pseudozyma;s__Pseudozyma_sp	underclassification	2	[0, 1.0, 1.0, 0.99729729729729732, 0.98305084745762716, 0.94848484848484849, 0.69506726457399104]	[0, 0.98044009779951102, 0.95354523227383858, 0.90220048899755501, 0.85085574572127143, 0.76528117359413206, 0.37897310513447435]	[0, 0.99012345679012348, 0.97622027534418021, 0.94736842105263153, 0.91218872870249013, 0.8470906630581867, 0.49050632911392411]
F1-REF	6	0	naive-bayes	0.001:[6,6]:0.98	k__Fungi	k__Fungi;p__Ascomycota;c__Pezizomycetes;o__Pezizales;f__Sarcosomataceae;g__Plectania;s__Plectania_sp	underclassification	1	[0, 1.0, 1.0, 0.99729729729729732, 0.98305084745762716, 0.94848484848484849, 0.69506726457399104]	[0, 0.98044009779951102, 0.95354523227383858, 0.90220048899755501, 0.85085574572127143, 0.76528117359413206, 0.37897310513447435]	[0, 0.99012345679012348, 0.97622027534418021, 0.94736842105263153, 0.91218872870249013, 0.8470906630581867, 0.49050632911392411]
F1-REF	6	0	naive-bayes	0.001:[6,6]:0.98	k__Fungi;p__Basidiomycota;c__Agaricomycetes;o__Agaricales;f__Physalacriaceae;g__Hymenopellis;s__Hymenopellis_chiangmaiae	k__Fungi;p__Basidiomycota;c__Agaricomycetes;o__Agaricales;f__Physalacriaceae;g__Hymenopellis;s__Hymenopellis_chiangmaiae	match	7	[0, 1.0, 1.0, 0.99729729729729732, 0.98305084745762716, 0.94848484848484849, 0.69506726457399104]	[0, 0.98044009779951102, 0.95354523227383858, 0.90220048899755501, 0.85085574572127143, 0.76528117359413206, 0.37897310513447435]	[0, 0.99012345679012348, 0.97622027534418021, 0.94736842105263153, 0.91218872870249013, 0.8470906630581867, 0.49050632911392411]
F1-REF	6	0	naive-bayes	0.001:[6,6]:0.98	k__Fungi;p__Ascomycota;c__Saccharomycetes;o__Saccharomycetales;f__Saccharomycetaceae;g__Torulaspora;s__Torulaspora_maleeae	k__Fungi;p__Ascomycota;c__Saccharomycetes;o__Saccharomycetales;f__Saccharomycetaceae;g__Torulaspora;s__Torulaspora_maleeae	match	7	[0, 1.0, 1.0, 0.99729729729729732, 0.98305084745762716, 0.94848484848484849, 0.69506726457399104]	[0, 0.98044009779951102, 0.95354523227383858, 0.90220048899755501, 0.85085574572127143, 0.76528117359413206, 0.37897310513447435]	[0, 0.99012345679012348, 0.97622027534418021, 0.94736842105263153, 0.91218872870249013, 0.8470906630581867, 0.49050632911392411]
F1-REF	6	0	naive-bayes	0.001:[6,6]:0.98	k__Fungi;p__Ascomycota;c__Saccharomycetes;o__Saccharomycetales;f__Saccharomycetaceae;g__Torulaspora;s__Torulaspora_pretoriensis	k__Fungi;p__Ascomycota;c__Saccharomycetes;o__Saccharomycetales;f__Saccharomycetaceae;g__Torulaspora;s__Torulaspora_pretoriensis	match	7	[0, 1.0, 1.0, 0.99729729729729732, 0.98305084745762716, 0.94848484848484849, 0.69506726457399104]	[0, 0.98044009779951102, 0.95354523227383858, 0.90220048899755501, 0.85085574572127143, 0.76528117359413206, 0.37897310513447435]	[0, 0.99012345679012348, 0.97622027534418021, 0.94736842105263153, 0.91218872870249013, 0.8470906630581867, 0.49050632911392411]
F1-REF	6	0	naive-bayes	0.001:[6,6]:0.98	k__Fungi;p__Basidiomycota;c__Agaricomycetes;o__Hymenochaetales;f__Hymenochaetaceae;g__Fomitiporia	k__Fungi;p__Basidiomycota;c__Agaricomycetes;o__Hymenochaetales;f__Hymenochaetaceae;g__Fomitiporia;s__Fomitiporia_robusta	underclassification	6	[0, 1.0, 1.0, 0.99729729729729732, 0.98305084745762716, 0.94848484848484849, 0.69506726457399104]	[0, 0.98044009779951102, 0.95354523227383858, 0.90220048899755501, 0.85085574572127143, 0.76528117359413206, 0.37897310513447435]	[0, 0.99012345679012348, 0.97622027534418021, 0.94736842105263153, 0.91218872870249013, 0.8470906630581867, 0.49050632911392411]
F1-REF	6	0	naive-bayes	0.001:[6,6]:0.98	k__Fungi;p__Ascomycota;c__Lecanoromycetes;o__Rhizocarpales;f__Catillariaceae;g__Austrolecia;s__Austrolecia_sp	k__Fungi;p__Ascomycota;c__Lecanoromycetes;o__Rhizocarpales;f__Catillariaceae;g__Austrolecia;s__Austrolecia_sp	match	7	[0, 1.0, 1.0, 0.99729729729729732, 0.98305084745762716, 0.94848484848484849, 0.69506726457399104]	[0, 0.98044009779951102, 0.95354523227383858, 0.90220048899755501, 0.85085574572127143, 0.76528117359413206, 0.37897310513447435]	[0, 0.99012345679012348, 0.97622027534418021, 0.94736842105263153, 0.91218872870249013, 0.8470906630581867, 0.49050632911392411]
F1-REF	6	0	naive-bayes	0.001:[6,6]:0.98	k__Fungi	k__Fungi;p__Chytridiomycota;c__Chytridiomycetes;o__Spizellomycetales;f__Spizellomycetaceae;g__Spizellomyces;s__Spizellomyces_sp	underclassification	1	[0, 1.0, 1.0, 0.99729729729729732, 0.98305084745762716, 0.94848484848484849, 0.69506726457399104]	[0, 0.98044009779951102, 0.95354523227383858, 0.90220048899755501, 0.85085574572127143, 0.76528117359413206, 0.37897310513447435]	[0, 0.99012345679012348, 0.97622027534418021, 0.94736842105263153, 0.91218872870249013, 0.8470906630581867, 0.49050632911392411]
F1-REF	6	0	naive-bayes	0.001:[6,6]:0.98	k__Fungi;p__Ascomycota;c__Leotiomycetes;o__Helotiales;f__Rutstroemiaceae;g__Poculum;s__Poculum_sp	k__Fungi;p__Ascomycota;c__Leotiomycetes;o__Helotiales;f__Sclerotiniaceae;g__Sclerotinia;s__Sclerotinia_homoeocarpa	misclassification	4	[0, 1.0, 1.0, 0.99729729729729732, 0.98305084745762716, 0.94848484848484849, 0.69506726457399104]	[0, 0.98044009779951102, 0.95354523227383858, 0.90220048899755501, 0.85085574572127143, 0.76528117359413206, 0.37897310513447435]	[0, 0.99012345679012348, 0.97622027534418021, 0.94736842105263153, 0.91218872870249013, 0.8470906630581867, 0.49050632911392411]
F1-REF	6	0	naive-bayes	0.001:[6,6]:0.98	k__Fungi;p__Ascomycota;c__Saccharomycetes;o__Saccharomycetales;f__Saccharomycodaceae;g__Hanseniaspora	k__Fungi;p__Ascomycota;c__Saccharomycetes;o__Saccharomycetales;f__Saccharomycodaceae;g__Hanseniaspora;s__Hanseniaspora_osmophila	underclassification	6	[0, 1.0, 1.0, 0.99729729729729732, 0.98305084745762716, 0.94848484848484849, 0.69506726457399104]	[0, 0.98044009779951102, 0.95354523227383858, 0.90220048899755501, 0.85085574572127143, 0.76528117359413206, 0.37897310513447435]	[0, 0.99012345679012348, 0.97622027534418021, 0.94736842105263153, 0.91218872870249013, 0.8470906630581867, 0.49050632911392411]
F1-REF	6	0	naive-bayes	0.001:[6,6]:0.98	k__Fungi;p__Basidiomycota;c__Ustilaginomycotina_cls_Incertae_sedis;o__Malasseziales;f__Malasseziaceae;g__Malassezia;s__Malassezia_globosa	k__Fungi;p__Basidiomycota;c__Ustilaginomycotina_cls_Incertae_sedis;o__Malasseziales;f__Malasseziaceae;g__Malassezia;s__Malassezia_globosa	match	7	[0, 1.0, 1.0, 0.99729729729729732, 0.98305084745762716, 0.94848484848484849, 0.69506726457399104]	[0, 0.98044009779951102, 0.95354523227383858, 0.90220048899755501, 0.85085574572127143, 0.76528117359413206, 0.37897310513447435]	[0, 0.99012345679012348, 0.97622027534418021, 0.94736842105263153, 0.91218872870249013, 0.8470906630581867, 0.49050632911392411]
F1-REF	6	0	naive-bayes	0.001:[6,6]:0.98	k__Fungi;p__Basidiomycota;c__Agaricomycetes;o__Agaricales;f__Mycenaceae;g__Mycena	k__Fungi;p__Basidiomycota;c__Agaricomycetes;o__Agaricales;f__Mycenaceae;g__Mycena;s__Mycena_epipterygia	underclassification	6	[0, 1.0, 1.0, 0.99729729729729732, 0.98305084745762716, 0.94848484848484849, 0.69506726457399104]	[0, 0.98044009779951102, 0.95354523227383858, 0.90220048899755501, 0.85085574572127143, 0.76528117359413206, 0.37897310513447435]	[0, 0.99012345679012348, 0.97622027534418021, 0.94736842105263153, 0.91218872870249013, 0.8470906630581867, 0.49050632911392411]
F1-REF	6	0	naive-bayes	0.001:[6,6]:0.98	k__Fungi;p__Basidiomycota;c__Agaricomycetes	k__Fungi;p__Basidiomycota;c__Agaricomycetes;o__Hymenochaetales;f__Hymenochaetaceae;g__Fuscoporia;s__Fuscoporia_torulosa	underclassification	3	[0, 1.0, 1.0, 0.99729729729729732, 0.98305084745762716, 0.94848484848484849, 0.69506726457399104]	[0, 0.98044009779951102, 0.95354523227383858, 0.90220048899755501, 0.85085574572127143, 0.76528117359413206, 0.37897310513447435]	[0, 0.99012345679012348, 0.97622027534418021, 0.94736842105263153, 0.91218872870249013, 0.8470906630581867, 0.49050632911392411]
F1-REF	6	0	naive-bayes	0.001:[6,6]:0.98	k__Fungi;p__Glomeromycota;c__Glomeromycetes;o__Glomerales;f__Glomeraceae;g__Funneliformis;s__Funneliformis_mosseae	k__Fungi;p__Glomeromycota;c__Glomeromycetes;o__Glomerales;f__Glomeraceae;g__Funneliformis;s__Funneliformis_mosseae	match	7	[0, 1.0, 1.0, 0.99729729729729732, 0.98305084745762716, 0.94848484848484849, 0.69506726457399104]	[0, 0.98044009779951102, 0.95354523227383858, 0.90220048899755501, 0.85085574572127143, 0.76528117359413206, 0.37897310513447435]	[0, 0.99012345679012348, 0.97622027534418021, 0.94736842105263153, 0.91218872870249013, 0.8470906630581867, 0.49050632911392411]
F1-REF	6	0	naive-bayes	0.001:[6,6]:0.98	k__Fungi;p__Basidiomycota;c__Agaricomycetes;o__Thelephorales;f__Thelephoraceae;g__Tomentella;s__Tomentella_sp	k__Fungi;p__Basidiomycota;c__Agaricomycetes;o__Thelephorales;f__Thelephoraceae;g__Tomentella;s__Tomentella_sublilacina	misclassification	6	[0, 1.0, 1.0, 0.99729729729729732, 0.98305084745762716, 0.94848484848484849, 0.69506726457399104]	[0, 0.98044009779951102, 0.95354523227383858, 0.90220048899755501, 0.85085574572127143, 0.76528117359413206, 0.37897310513447435]	[0, 0.99012345679012348, 0.97622027534418021, 0.94736842105263153, 0.91218872870249013, 0.8470906630581867, 0.49050632911392411]
F1-REF	6	0	naive-bayes	0.001:[6,6]:0.98	k__Fungi;p__Basidiomycota;c__Agaricomycetes;o__Thelephorales;f__Thelephoraceae	k__Fungi;p__Basidiomycota;c__Agaricomycetes;o__Thelephorales;f__Thelephoraceae;g__Tomentella;s__Tomentella_terrestris	underclassification	5	[0, 1.0, 1.0, 0.99729729729729732, 0.98305084745762716, 0.94848484848484849, 0.69506726457399104]	[0, 0.98044009779951102, 0.95354523227383858, 0.90220048899755501, 0.85085574572127143, 0.76528117359413206, 0.37897310513447435]	[0, 0.99012345679012348, 0.97622027534418021, 0.94736842105263153, 0.91218872870249013, 0.8470906630581867, 0.49050632911392411]
F1-REF	6	0	naive-bayes	0.001:[6,6]:0.98	k__Fungi	k__Fungi;p__Ascomycota;c__Lecanoromycetes;o__Peltigerales;f__Coccocarpiaceae;g__Coccocarpia;s__Coccocarpia_palmicola	underclassification	1	[0, 1.0, 1.0, 0.99729729729729732, 0.98305084745762716, 0.94848484848484849, 0.69506726457399104]	[0, 0.98044009779951102, 0.95354523227383858, 0.90220048899755501, 0.85085574572127143, 0.76528117359413206, 0.37897310513447435]	[0, 0.99012345679012348, 0.97622027534418021, 0.94736842105263153, 0.91218872870249013, 0.8470906630581867, 0.49050632911392411]
F1-REF	6	0	naive-bayes	0.001:[6,6]:0.98	k__Fungi;p__Ascomycota;c__Pezizomycetes;o__Pezizales;f__Tuberaceae;g__Tuber	k__Fungi;p__Ascomycota;c__Pezizomycetes;o__Pezizales;f__Tuberaceae;g__Tuber;s__Tuber_foetidum	underclassification	6	[0, 1.0, 1.0, 0.99729729729729732, 0.98305084745762716, 0.94848484848484849, 0.69506726457399104]	[0, 0.98044009779951102, 0.95354523227383858, 0.90220048899755501, 0.85085574572127143, 0.76528117359413206, 0.37897310513447435]	[0, 0.99012345679012348, 0.97622027534418021, 0.94736842105263153, 0.91218872870249013, 0.8470906630581867, 0.49050632911392411]
F1-REF	6	0	naive-bayes	0.001:[6,6]:0.98	k__Fungi;p__Basidiomycota;c__Agaricomycetes;o__Atheliales;f__Atheliaceae;g__Cora	k__Fungi;p__Basidiomycota;c__Agaricomycetes;o__Atheliales;f__Atheliaceae;g__Corella;s__Corella_sp	misclassification	5	[0, 1.0, 1.0, 0.99729729729729732, 0.98305084745762716, 0.94848484848484849, 0.69506726457399104]	[0, 0.98044009779951102, 0.95354523227383858, 0.90220048899755501, 0.85085574572127143, 0.76528117359413206, 0.37897310513447435]	[0, 0.99012345679012348, 0.97622027534418021, 0.94736842105263153, 0.91218872870249013, 0.8470906630581867, 0.49050632911392411]
F1-REF	6	0	naive-bayes	0.001:[6,6]:0.98	k__Fungi;p__Basidiomycota;c__Agaricomycetes;o__Russulales;f__Auriscalpiaceae;g__Lentinellus;s__Lentinellus_sublineolatus	k__Fungi;p__Basidiomycota;c__Agaricomycetes;o__Russulales;f__Auriscalpiaceae;g__Lentinellus;s__Lentinellus_vulpinus	misclassification	6	[0, 1.0, 1.0, 0.99729729729729732, 0.98305084745762716, 0.94848484848484849, 0.69506726457399104]	[0, 0.98044009779951102, 0.95354523227383858, 0.90220048899755501, 0.85085574572127143, 0.76528117359413206, 0.37897310513447435]	[0, 0.99012345679012348, 0.97622027534418021, 0.94736842105263153, 0.91218872870249013, 0.8470906630581867, 0.49050632911392411]
F1-REF	6	0	naive-bayes	0.001:[6,6]:0.98	k__Fungi;p__Basidiomycota;c__Agaricomycetes;o__Russulales;f__Auriscalpiaceae;g__Lentinellus	k__Fungi;p__Basidiomycota;c__Agaricomycetes;o__Russulales;f__Auriscalpiaceae;g__Lentinellus;s__Lentinellus_cochleatus	underclassification	6	[0, 1.0, 1.0, 0.99729729729729732, 0.98305084745762716, 0.94848484848484849, 0.69506726457399104]	[0, 0.98044009779951102, 0.95354523227383858, 0.90220048899755501, 0.85085574572127143, 0.76528117359413206, 0.37897310513447435]	[0, 0.99012345679012348, 0.97622027534418021, 0.94736842105263153, 0.91218872870249013, 0.8470906630581867, 0.49050632911392411]
F1-REF	6	0	naive-bayes	0.001:[6,6]:0.98	k__Fungi;p__Basidiomycota;c__Agaricomycetes;o__Polyporales;f__Sparassidaceae;g__Sparassis;s__Sparassis_crispa	k__Fungi;p__Basidiomycota;c__Agaricomycetes;o__Polyporales;f__Sparassidaceae;g__Sparassis;s__Sparassis_crispa	match	7	[0, 1.0, 1.0, 0.99729729729729732, 0.98305084745762716, 0.94848484848484849, 0.69506726457399104]	[0, 0.98044009779951102, 0.95354523227383858, 0.90220048899755501, 0.85085574572127143, 0.76528117359413206, 0.37897310513447435]	[0, 0.99012345679012348, 0.97622027534418021, 0.94736842105263153, 0.91218872870249013, 0.8470906630581867, 0.49050632911392411]
F1-REF	6	0	naive-bayes	0.001:[6,6]:0.98	k__Fungi;p__Basidiomycota;c__Agaricomycetes;o__Polyporales	k__Fungi;p__Basidiomycota;c__Agaricomycetes;o__Polyporales;f__Ganodermataceae;g__Ganoderma;s__Ganoderma_sp	underclassification	4	[0, 1.0, 1.0, 0.99729729729729732, 0.98305084745762716, 0.94848484848484849, 0.69506726457399104]	[0, 0.98044009779951102, 0.95354523227383858, 0.90220048899755501, 0.85085574572127143, 0.76528117359413206, 0.37897310513447435]	[0, 0.99012345679012348, 0.97622027534418021, 0.94736842105263153, 0.91218872870249013, 0.8470906630581867, 0.49050632911392411]
F1-REF	6	0	naive-bayes	0.001:[6,6]:0.98	k__Fungi;p__Ascomycota;c__Sordariomycetes;o__Ophiostomatales;f__Ophiostomataceae;g__Ceratocystiopsis	k__Fungi;p__Ascomycota;c__Sordariomycetes;o__Ophiostomatales;f__Ophiostomataceae;g__Ceratocystiopsis;s__Ceratocystiopsis_manitobensis	underclassification	6	[0, 1.0, 1.0, 0.99729729729729732, 0.98305084745762716, 0.94848484848484849, 0.69506726457399104]	[0, 0.98044009779951102, 0.95354523227383858, 0.90220048899755501, 0.85085574572127143, 0.76528117359413206, 0.37897310513447435]	[0, 0.99012345679012348, 0.97622027534418021, 0.94736842105263153, 0.91218872870249013, 0.8470906630581867, 0.49050632911392411]
F1-REF	6	0	naive-bayes	0.001:[6,6]:0.98	k__Fungi;p__Basidiomycota;c__Agaricomycetes;o__Boletales;f__Coniophoraceae;g__Coniophora;s__Coniophora_olivacea	k__Fungi;p__Basidiomycota;c__Agaricomycetes;o__Boletales;f__Coniophoraceae;g__Coniophora;s__Coniophora_olivacea	match	7	[0, 1.0, 1.0, 0.99729729729729732, 0.98305084745762716, 0.94848484848484849, 0.69506726457399104]	[0, 0.98044009779951102, 0.95354523227383858, 0.90220048899755501, 0.85085574572127143, 0.76528117359413206, 0.37897310513447435]	[0, 0.99012345679012348, 0.97622027534418021, 0.94736842105263153, 0.91218872870249013, 0.8470906630581867, 0.49050632911392411]
F1-REF	6	0	naive-bayes	0.001:[6,6]:0.98	k__Fungi;p__Ascomycota;c__Sordariomycetes;o__Xylariales;f__Xylariaceae	k__Fungi;p__Ascomycota;c__Sordariomycetes;o__Xylariales;f__Xylariaceae;g__Hypoxylon;s__Hypoxylon_sp	underclassification	5	[0, 1.0, 1.0, 0.99729729729729732, 0.98305084745762716, 0.94848484848484849, 0.69506726457399104]	[0, 0.98044009779951102, 0.95354523227383858, 0.90220048899755501, 0.85085574572127143, 0.76528117359413206, 0.37897310513447435]	[0, 0.99012345679012348, 0.97622027534418021, 0.94736842105263153, 0.91218872870249013, 0.8470906630581867, 0.49050632911392411]
F1-REF	6	0	naive-bayes	0.001:[6,6]:0.98	k__Fungi;p__Basidiomycota;c__Agaricomycetes;o__Russulales;f__Russulaceae;g__Russula	k__Fungi;p__Basidiomycota;c__Agaricomycetes;o__Russulales;f__Russulaceae;g__Russula;s__Russula_queletii	underclassification	6	[0, 1.0, 1.0, 0.99729729729729732, 0.98305084745762716, 0.94848484848484849, 0.69506726457399104]	[0, 0.98044009779951102, 0.95354523227383858, 0.90220048899755501, 0.85085574572127143, 0.76528117359413206, 0.37897310513447435]	[0, 0.99012345679012348, 0.97622027534418021, 0.94736842105263153, 0.91218872870249013, 0.8470906630581867, 0.49050632911392411]
F1-REF	6	0	naive-bayes	0.001:[6,6]:0.98	k__Fungi;p__Basidiomycota;c__Agaricomycetes;o__Russulales;f__Russulaceae;g__Russula;s__Russula_sp	k__Fungi;p__Basidiomycota;c__Agaricomycetes;o__Russulales;f__Russulaceae;g__Russula;s__Russula_rhodopus	misclassification	6	[0, 1.0, 1.0, 0.99729729729729732, 0.98305084745762716, 0.94848484848484849, 0.69506726457399104]	[0, 0.98044009779951102, 0.95354523227383858, 0.90220048899755501, 0.85085574572127143, 0.76528117359413206, 0.37897310513447435]	[0, 0.99012345679012348, 0.97622027534418021, 0.94736842105263153, 0.91218872870249013, 0.8470906630581867, 0.49050632911392411]
F1-REF	6	0	naive-bayes	0.001:[6,6]:0.98	k__Fungi;p__Basidiomycota;c__Agaricomycetes;o__Agaricales;f__Agaricaceae;g__Leucoagaricus;s__Leucoagaricus_croceovelutinus	k__Fungi;p__Basidiomycota;c__Agaricomycetes;o__Agaricales;f__Agaricaceae;g__Leucoagaricus;s__Leucoagaricus_croceovelutinus	match	7	[0, 1.0, 1.0, 0.99729729729729732, 0.98305084745762716, 0.94848484848484849, 0.69506726457399104]	[0, 0.98044009779951102, 0.95354523227383858, 0.90220048899755501, 0.85085574572127143, 0.76528117359413206, 0.37897310513447435]	[0, 0.99012345679012348, 0.97622027534418021, 0.94736842105263153, 0.91218872870249013, 0.8470906630581867, 0.49050632911392411]
F1-REF	6	0	naive-bayes	0.001:[6,6]:0.98	k__Fungi;p__Basidiomycota;c__Agaricomycetes;o__Agaricales;f__Mycenaceae;g__Mycena	k__Fungi;p__Basidiomycota;c__Agaricomycetes;o__Agaricales;f__Mycenaceae;g__Mycena;s__Mycena_pura	underclassification	6	[0, 1.0, 1.0, 0.99729729729729732, 0.98305084745762716, 0.94848484848484849, 0.69506726457399104]	[0, 0.98044009779951102, 0.95354523227383858, 0.90220048899755501, 0.85085574572127143, 0.76528117359413206, 0.37897310513447435]	[0, 0.99012345679012348, 0.97622027534418021, 0.94736842105263153, 0.91218872870249013, 0.8470906630581867, 0.49050632911392411]
F1-REF	6	0	naive-bayes	0.001:[6,6]:0.98	k__Fungi;p__Basidiomycota;c__Agaricomycetes;o__Agaricales;f__Mycenaceae;g__Mycena;s__Mycena_pearsoniana	k__Fungi;p__Basidiomycota;c__Agaricomycetes;o__Agaricales;f__Mycenaceae;g__Mycena;s__Mycena_pearsoniana	match	7	[0, 1.0, 1.0, 0.99729729729729732, 0.98305084745762716, 0.94848484848484849, 0.69506726457399104]	[0, 0.98044009779951102, 0.95354523227383858, 0.90220048899755501, 0.85085574572127143, 0.76528117359413206, 0.37897310513447435]	[0, 0.99012345679012348, 0.97622027534418021, 0.94736842105263153, 0.91218872870249013, 0.8470906630581867, 0.49050632911392411]
F1-REF	6	0	naive-bayes	0.001:[6,6]:0.98	k__Fungi;p__Ascomycota;c__Dothideomycetes;o__Botryosphaeriales;f__Botryosphaeriaceae;g__Phyllosticta;s__Phyllosticta_cryptomeriae	k__Fungi;p__Ascomycota;c__Dothideomycetes;o__Botryosphaeriales;f__Botryosphaeriaceae;g__Phyllosticta;s__Phyllosticta_cryptomeriae	match	7	[0, 1.0, 1.0, 0.99729729729729732, 0.98305084745762716, 0.94848484848484849, 0.69506726457399104]	[0, 0.98044009779951102, 0.95354523227383858, 0.90220048899755501, 0.85085574572127143, 0.76528117359413206, 0.37897310513447435]	[0, 0.99012345679012348, 0.97622027534418021, 0.94736842105263153, 0.91218872870249013, 0.8470906630581867, 0.49050632911392411]
F1-REF	6	0	naive-bayes	0.001:[6,6]:0.98	k__Fungi;p__Ascomycota;c__Dothideomycetes;o__Pleosporales;f__Pleosporales_fam_Incertae_sedis	k__Fungi;p__Ascomycota;c__Dothideomycetes;o__Pleosporales;f__Pleosporales_fam_Incertae_sedis;g__Phoma;s__Phoma_sp	underclassification	5	[0, 1.0, 1.0, 0.99729729729729732, 0.98305084745762716, 0.94848484848484849, 0.69506726457399104]	[0, 0.98044009779951102, 0.95354523227383858, 0.90220048899755501, 0.85085574572127143, 0.76528117359413206, 0.37897310513447435]	[0, 0.99012345679012348, 0.97622027534418021, 0.94736842105263153, 0.91218872870249013, 0.8470906630581867, 0.49050632911392411]
F1-REF	6	0	naive-bayes	0.001:[6,6]:0.98	k__Fungi;p__Basidiomycota;c__Agaricomycetes;o__Agaricales	k__Fungi;p__Basidiomycota;c__Agaricomycetes;o__Agaricales;f__Strophariaceae;g__Pholiota;s__Pholiota_adiposa	underclassification	4	[0, 1.0, 1.0, 0.99729729729729732, 0.98305084745762716, 0.94848484848484849, 0.69506726457399104]	[0, 0.98044009779951102, 0.95354523227383858, 0.90220048899755501, 0.85085574572127143, 0.76528117359413206, 0.37897310513447435]	[0, 0.99012345679012348, 0.97622027534418021, 0.94736842105263153, 0.91218872870249013, 0.8470906630581867, 0.49050632911392411]
F1-REF	6	0	naive-bayes	0.001:[6,6]:0.98	k__Fungi;p__Ascomycota;c__Sordariomycetes;o__Microascales;f__Ceratocystidaceae;g__Ceratocystis;s__Ceratocystis_corymbiicola	k__Fungi;p__Ascomycota;c__Sordariomycetes;o__Microascales;f__Ceratocystidaceae;g__Ceratocystis;s__Ceratocystis_corymbiicola	match	7	[0, 1.0, 1.0, 0.99729729729729732, 0.98305084745762716, 0.94848484848484849, 0.69506726457399104]	[0, 0.98044009779951102, 0.95354523227383858, 0.90220048899755501, 0.85085574572127143, 0.76528117359413206, 0.37897310513447435]	[0, 0.99012345679012348, 0.97622027534418021, 0.94736842105263153, 0.91218872870249013, 0.8470906630581867, 0.49050632911392411]
F1-REF	6	0	naive-bayes	0.001:[6,6]:0.98	k__Fungi;p__Ascomycota	k__Fungi;p__Ascomycota;c__Leotiomycetes;o__Helotiales;f__Helotiales_fam_Incertae_sedis;g__Cadophora;s__Cadophora_sp	underclassification	2	[0, 1.0, 1.0, 0.99729729729729732, 0.98305084745762716, 0.94848484848484849, 0.69506726457399104]	[0, 0.98044009779951102, 0.95354523227383858, 0.90220048899755501, 0.85085574572127143, 0.76528117359413206, 0.37897310513447435]	[0, 0.99012345679012348, 0.97622027534418021, 0.94736842105263153, 0.91218872870249013, 0.8470906630581867, 0.49050632911392411]
F1-REF	6	0	naive-bayes	0.001:[6,6]:0.98	k__Fungi;p__Ascomycota;c__Dothideomycetes	k__Fungi;p__Ascomycota;c__Dothideomycetes;o__Pleosporales;f__Montagnulaceae;g__Paraconiothyrium;s__Paraconiothyrium_variabile	underclassification	3	[0, 1.0, 1.0, 0.99729729729729732, 0.98305084745762716, 0.94848484848484849, 0.69506726457399104]	[0, 0.98044009779951102, 0.95354523227383858, 0.90220048899755501, 0.85085574572127143, 0.76528117359413206, 0.37897310513447435]	[0, 0.99012345679012348, 0.97622027534418021, 0.94736842105263153, 0.91218872870249013, 0.8470906630581867, 0.49050632911392411]
F1-REF	6	0	naive-bayes	0.001:[6,6]:0.98	k__Fungi;p__Ascomycota;c__Dothideomycetes	k__Fungi;p__Ascomycota;c__Dothideomycetes;o__Pleosporales;f__Montagnulaceae;g__Paraconiothyrium;s__Paraconiothyrium_sp	underclassification	3	[0, 1.0, 1.0, 0.99729729729729732, 0.98305084745762716, 0.94848484848484849, 0.69506726457399104]	[0, 0.98044009779951102, 0.95354523227383858, 0.90220048899755501, 0.85085574572127143, 0.76528117359413206, 0.37897310513447435]	[0, 0.99012345679012348, 0.97622027534418021, 0.94736842105263153, 0.91218872870249013, 0.8470906630581867, 0.49050632911392411]
F1-REF	6	0	naive-bayes	0.001:[6,6]:0.98	k__Fungi;p__Zygomycota;c__Mucoromycotina_cls_Incertae_sedis;o__Mucorales;f__Mucoraceae;g__Mucor;s__Mucor_irregularis	k__Fungi;p__Zygomycota;c__Mucoromycotina_cls_Incertae_sedis;o__Mucorales;f__Mucoraceae;g__Mucor;s__Mucor_sp	misclassification	6	[0, 1.0, 1.0, 0.99729729729729732, 0.98305084745762716, 0.94848484848484849, 0.69506726457399104]	[0, 0.98044009779951102, 0.95354523227383858, 0.90220048899755501, 0.85085574572127143, 0.76528117359413206, 0.37897310513447435]	[0, 0.99012345679012348, 0.97622027534418021, 0.94736842105263153, 0.91218872870249013, 0.8470906630581867, 0.49050632911392411]
F1-REF	6	0	naive-bayes	0.001:[6,6]:0.98	k__Fungi;p__Basidiomycota;c__Agaricomycetes;o__Agaricales;f__Inocybaceae;g__Inocybe;s__Inocybe_calamistrata	k__Fungi;p__Basidiomycota;c__Agaricomycetes;o__Agaricales;f__Inocybaceae;g__Inocybe;s__Inocybe_calamistrata	match	7	[0, 1.0, 1.0, 0.99729729729729732, 0.98305084745762716, 0.94848484848484849, 0.69506726457399104]	[0, 0.98044009779951102, 0.95354523227383858, 0.90220048899755501, 0.85085574572127143, 0.76528117359413206, 0.37897310513447435]	[0, 0.99012345679012348, 0.97622027534418021, 0.94736842105263153, 0.91218872870249013, 0.8470906630581867, 0.49050632911392411]
F1-REF	6	0	naive-bayes	0.001:[6,6]:0.98	k__Fungi;p__Ascomycota;c__Sordariomycetes;o__Xylariales;f__Xylariaceae;g__Hypoxylon;s__Hypoxylon_lateripigmentum	k__Fungi;p__Ascomycota;c__Sordariomycetes;o__Xylariales;f__Xylariaceae;g__Hypoxylon;s__Hypoxylon_lateripigmentum	match	7	[0, 1.0, 1.0, 0.99729729729729732, 0.98305084745762716, 0.94848484848484849, 0.69506726457399104]	[0, 0.98044009779951102, 0.95354523227383858, 0.90220048899755501, 0.85085574572127143, 0.76528117359413206, 0.37897310513447435]	[0, 0.99012345679012348, 0.97622027534418021, 0.94736842105263153, 0.91218872870249013, 0.8470906630581867, 0.49050632911392411]
F1-REF	6	0	naive-bayes	0.001:[6,6]:0.98	k__Fungi;p__Basidiomycota;c__Agaricomycetes;o__Russulales;f__Russulaceae;g__Russula	k__Fungi;p__Basidiomycota;c__Agaricomycetes;o__Russulales;f__Russulaceae;g__Russula;s__Russula_globispora	underclassification	6	[0, 1.0, 1.0, 0.99729729729729732, 0.98305084745762716, 0.94848484848484849, 0.69506726457399104]	[0, 0.98044009779951102, 0.95354523227383858, 0.90220048899755501, 0.85085574572127143, 0.76528117359413206, 0.37897310513447435]	[0, 0.99012345679012348, 0.97622027534418021, 0.94736842105263153, 0.91218872870249013, 0.8470906630581867, 0.49050632911392411]
F1-REF	6	0	naive-bayes	0.001:[6,6]:0.98	k__Fungi;p__Basidiomycota;c__Agaricomycetes;o__Polyporales;f__Ganodermataceae;g__Ganoderma	k__Fungi;p__Basidiomycota;c__Agaricomycetes;o__Polyporales;f__Ganodermataceae;g__Ganoderma;s__Ganoderma_australe	underclassification	6	[0, 1.0, 1.0, 0.99729729729729732, 0.98305084745762716, 0.94848484848484849, 0.69506726457399104]	[0, 0.98044009779951102, 0.95354523227383858, 0.90220048899755501, 0.85085574572127143, 0.76528117359413206, 0.37897310513447435]	[0, 0.99012345679012348, 0.97622027534418021, 0.94736842105263153, 0.91218872870249013, 0.8470906630581867, 0.49050632911392411]
F1-REF	6	0	naive-bayes	0.001:[6,6]:0.98	k__Fungi;p__Basidiomycota;c__Agaricomycetes;o__Polyporales	k__Fungi;p__Basidiomycota;c__Agaricomycetes;o__Polyporales;f__Ganodermataceae;g__Amauroderma;s__Amauroderma_schomburgkii	underclassification	4	[0, 1.0, 1.0, 0.99729729729729732, 0.98305084745762716, 0.94848484848484849, 0.69506726457399104]	[0, 0.98044009779951102, 0.95354523227383858, 0.90220048899755501, 0.85085574572127143, 0.76528117359413206, 0.37897310513447435]	[0, 0.99012345679012348, 0.97622027534418021, 0.94736842105263153, 0.91218872870249013, 0.8470906630581867, 0.49050632911392411]
F1-REF	6	0	naive-bayes	0.001:[6,6]:0.98	k__Fungi;p__Basidiomycota;c__Agaricomycetes;o__Polyporales;f__Ganodermataceae;g__Ganoderma;s__Ganoderma_lucidum	k__Fungi;p__Basidiomycota;c__Agaricomycetes;o__Polyporales;f__Ganodermataceae;g__Ganoderma;s__Ganoderma_weberianum	misclassification	6	[0, 1.0, 1.0, 0.99729729729729732, 0.98305084745762716, 0.94848484848484849, 0.69506726457399104]	[0, 0.98044009779951102, 0.95354523227383858, 0.90220048899755501, 0.85085574572127143, 0.76528117359413206, 0.37897310513447435]	[0, 0.99012345679012348, 0.97622027534418021, 0.94736842105263153, 0.91218872870249013, 0.8470906630581867, 0.49050632911392411]
F1-REF	6	0	naive-bayes	0.001:[6,6]:0.98	k__Fungi;p__Ascomycota;c__Eurotiomycetes;o__Verrucariales;f__Verrucariaceae;g__Verrucaria;s__Verrucaria_sp	k__Fungi;p__Ascomycota;c__Eurotiomycetes;o__Verrucariales;f__Verrucariaceae;g__Verrucaria;s__Verrucaria_margacea	misclassification	6	[0, 1.0, 1.0, 0.99729729729729732, 0.98305084745762716, 0.94848484848484849, 0.69506726457399104]	[0, 0.98044009779951102, 0.95354523227383858, 0.90220048899755501, 0.85085574572127143, 0.76528117359413206, 0.37897310513447435]	[0, 0.99012345679012348, 0.97622027534418021, 0.94736842105263153, 0.91218872870249013, 0.8470906630581867, 0.49050632911392411]
F1-REF	6	0	naive-bayes	0.001:[6,6]:0.98	k__Fungi;p__Basidiomycota;c__Agaricomycetes;o__Agaricales;f__Strophariaceae;g__Psilocybe;s__Psilocybe_inquilina	k__Fungi;p__Basidiomycota;c__Agaricomycetes;o__Agaricales;f__Strophariaceae;g__Psilocybe;s__Psilocybe_inquilina	match	7	[0, 1.0, 1.0, 0.99729729729729732, 0.98305084745762716, 0.94848484848484849, 0.69506726457399104]	[0, 0.98044009779951102, 0.95354523227383858, 0.90220048899755501, 0.85085574572127143, 0.76528117359413206, 0.37897310513447435]	[0, 0.99012345679012348, 0.97622027534418021, 0.94736842105263153, 0.91218872870249013, 0.8470906630581867, 0.49050632911392411]
F1-REF	6	0	naive-bayes	0.001:[6,6]:0.98	k__Fungi;p__Basidiomycota;c__Agaricomycetes;o__Polyporales;f__Meruliaceae;g__Steccherinum;s__Steccherinum_ochraceum	k__Fungi;p__Basidiomycota;c__Agaricomycetes;o__Polyporales;f__Meruliaceae;g__Steccherinum;s__Steccherinum_ochraceum	match	7	[0, 1.0, 1.0, 0.99729729729729732, 0.98305084745762716, 0.94848484848484849, 0.69506726457399104]	[0, 0.98044009779951102, 0.95354523227383858, 0.90220048899755501, 0.85085574572127143, 0.76528117359413206, 0.37897310513447435]	[0, 0.99012345679012348, 0.97622027534418021, 0.94736842105263153, 0.91218872870249013, 0.8470906630581867, 0.49050632911392411]
F1-REF	6	0	naive-bayes	0.001:[6,6]:0.98	k__Fungi;p__Basidiomycota;c__Pucciniomycetes;o__Pucciniales;f__Pucciniaceae;g__Puccinia;s__Puccinia_graminis	k__Fungi;p__Basidiomycota;c__Pucciniomycetes;o__Pucciniales;f__Pucciniaceae;g__Puccinia;s__Puccinia_graminis	match	7	[0, 1.0, 1.0, 0.99729729729729732, 0.98305084745762716, 0.94848484848484849, 0.69506726457399104]	[0, 0.98044009779951102, 0.95354523227383858, 0.90220048899755501, 0.85085574572127143, 0.76528117359413206, 0.37897310513447435]	[0, 0.99012345679012348, 0.97622027534418021, 0.94736842105263153, 0.91218872870249013, 0.8470906630581867, 0.49050632911392411]
F1-REF	6	0	naive-bayes	0.001:[6,6]:0.98	k__Fungi;p__Basidiomycota;c__Agaricomycetes;o__Trechisporales;f__Hydnodontaceae;g__Trechispora;s__Trechispora_invisitata	k__Fungi;p__Basidiomycota;c__Agaricomycetes;o__Trechisporales;f__Hydnodontaceae;g__Trechispora;s__Trechispora_sp	misclassification	6	[0, 1.0, 1.0, 0.99729729729729732, 0.98305084745762716, 0.94848484848484849, 0.69506726457399104]	[0, 0.98044009779951102, 0.95354523227383858, 0.90220048899755501, 0.85085574572127143, 0.76528117359413206, 0.37897310513447435]	[0, 0.99012345679012348, 0.97622027534418021, 0.94736842105263153, 0.91218872870249013, 0.8470906630581867, 0.49050632911392411]
F1-REF	6	0	naive-bayes	0.001:[6,6]:0.98	k__Fungi;p__Basidiomycota;c__Exobasidiomycetes;o__Entylomatales;f__Entylomataceae;g__Entyloma	k__Fungi;p__Basidiomycota;c__Exobasidiomycetes;o__Entylomatales;f__Entylomataceae;g__Entyloma;s__Entyloma_sp	underclassification	6	[0, 1.0, 1.0, 0.99729729729729732, 0.98305084745762716, 0.94848484848484849, 0.69506726457399104]	[0, 0.98044009779951102, 0.95354523227383858, 0.90220048899755501, 0.85085574572127143, 0.76528117359413206, 0.37897310513447435]	[0, 0.99012345679012348, 0.97622027534418021, 0.94736842105263153, 0.91218872870249013, 0.8470906630581867, 0.49050632911392411]
F1-REF	6	0	naive-bayes	0.001:[6,6]:0.98	k__Fungi;p__Ascomycota;c__Dothideomycetes;o__Capnodiales	k__Fungi;p__Ascomycota;c__Dothideomycetes;o__Capnodiales;f__Teratosphaeriaceae;g__Teratosphaeria;s__Teratosphaeria_sp	underclassification	4	[0, 1.0, 1.0, 0.99729729729729732, 0.98305084745762716, 0.94848484848484849, 0.69506726457399104]	[0, 0.98044009779951102, 0.95354523227383858, 0.90220048899755501, 0.85085574572127143, 0.76528117359413206, 0.37897310513447435]	[0, 0.99012345679012348, 0.97622027534418021, 0.94736842105263153, 0.91218872870249013, 0.8470906630581867, 0.49050632911392411]
F1-REF	6	0	naive-bayes	0.001:[6,6]:0.98	k__Fungi;p__Basidiomycota;c__Agaricomycetes;o__Polyporales;f__Polyporaceae;g__Funalia;s__Funalia_floccosa	k__Fungi;p__Basidiomycota;c__Agaricomycetes;o__Polyporales;f__Polyporaceae;g__Funalia;s__Funalia_floccosa	match	7	[0, 1.0, 1.0, 0.99729729729729732, 0.98305084745762716, 0.94848484848484849, 0.69506726457399104]	[0, 0.98044009779951102, 0.95354523227383858, 0.90220048899755501, 0.85085574572127143, 0.76528117359413206, 0.37897310513447435]	[0, 0.99012345679012348, 0.97622027534418021, 0.94736842105263153, 0.91218872870249013, 0.8470906630581867, 0.49050632911392411]
F1-REF	6	0	naive-bayes	0.001:[6,6]:0.98	k__Fungi;p__Ascomycota;c__Arthoniomycetes;o__Arthoniales;f__Roccellaceae;g__Roccella;s__Roccella_maderensis	k__Fungi;p__Ascomycota;c__Arthoniomycetes;o__Arthoniales;f__Roccellaceae;g__Roccella;s__Roccella_maderensis	match	7	[0, 1.0, 1.0, 0.99729729729729732, 0.98305084745762716, 0.94848484848484849, 0.69506726457399104]	[0, 0.98044009779951102, 0.95354523227383858, 0.90220048899755501, 0.85085574572127143, 0.76528117359413206, 0.37897310513447435]	[0, 0.99012345679012348, 0.97622027534418021, 0.94736842105263153, 0.91218872870249013, 0.8470906630581867, 0.49050632911392411]
F1-REF	6	0	naive-bayes	0.001:[6,6]:0.98	k__Fungi;p__Ascomycota;c__Pezizomycetes;o__Pezizales;f__Tuberaceae;g__Tuber;s__Tuber_sinense	k__Fungi;p__Ascomycota;c__Pezizomycetes;o__Pezizales;f__Tuberaceae;g__Tuber;s__Tuber_indicum	misclassification	6	[0, 1.0, 1.0, 0.99729729729729732, 0.98305084745762716, 0.94848484848484849, 0.69506726457399104]	[0, 0.98044009779951102, 0.95354523227383858, 0.90220048899755501, 0.85085574572127143, 0.76528117359413206, 0.37897310513447435]	[0, 0.99012345679012348, 0.97622027534418021, 0.94736842105263153, 0.91218872870249013, 0.8470906630581867, 0.49050632911392411]
F1-REF	6	0	naive-bayes	0.001:[6,6]:0.98	k__Fungi;p__Zygomycota;c__Mucoromycotina_cls_Incertae_sedis;o__Mucorales;f__Mucoraceae;g__Mucor	k__Fungi;p__Zygomycota;c__Mucoromycotina_cls_Incertae_sedis;o__Mucorales;f__Mucoraceae;g__Mucor;s__Mucor_abundans	underclassification	6	[0, 1.0, 1.0, 0.99729729729729732, 0.98305084745762716, 0.94848484848484849, 0.69506726457399104]	[0, 0.98044009779951102, 0.95354523227383858, 0.90220048899755501, 0.85085574572127143, 0.76528117359413206, 0.37897310513447435]	[0, 0.99012345679012348, 0.97622027534418021, 0.94736842105263153, 0.91218872870249013, 0.8470906630581867, 0.49050632911392411]
F1-REF	6	0	naive-bayes	0.001:[6,6]:0.98	k__Fungi;p__Zygomycota;c__Mucoromycotina_cls_Incertae_sedis;o__Mucorales;f__Umbelopsidaceae;g__Umbelopsis	k__Fungi;p__Zygomycota;c__Mucoromycotina_cls_Incertae_sedis;o__Mucorales;f__Umbelopsidaceae;g__Umbelopsis;s__Umbelopsis_isabellina	underclassification	6	[0, 1.0, 1.0, 0.99729729729729732, 0.98305084745762716, 0.94848484848484849, 0.69506726457399104]	[0, 0.98044009779951102, 0.95354523227383858, 0.90220048899755501, 0.85085574572127143, 0.76528117359413206, 0.37897310513447435]	[0, 0.99012345679012348, 0.97622027534418021, 0.94736842105263153, 0.91218872870249013, 0.8470906630581867, 0.49050632911392411]
F1-REF	6	0	naive-bayes	0.001:[6,6]:0.98	k__Fungi;p__Zygomycota;c__Mucoromycotina_cls_Incertae_sedis;o__Mucorales;f__Umbelopsidaceae;g__Umbelopsis;s__Umbelopsis_ramanniana	k__Fungi;p__Zygomycota;c__Mucoromycotina_cls_Incertae_sedis;o__Mucorales;f__Umbelopsidaceae;g__Umbelopsis;s__Umbelopsis_ramanniana	match	7	[0, 1.0, 1.0, 0.99729729729729732, 0.98305084745762716, 0.94848484848484849, 0.69506726457399104]	[0, 0.98044009779951102, 0.95354523227383858, 0.90220048899755501, 0.85085574572127143, 0.76528117359413206, 0.37897310513447435]	[0, 0.99012345679012348, 0.97622027534418021, 0.94736842105263153, 0.91218872870249013, 0.8470906630581867, 0.49050632911392411]
F1-REF	6	0	naive-bayes	0.001:[6,6]:0.98	k__Fungi;p__Basidiomycota;c__Exobasidiomycetes;o__Exobasidiomycetidae_ord_Incertae_sedis;f__Exobasidiomycetidae_fam_Incertae_sedis;g__Meira;s__Meira_argovae	k__Fungi;p__Basidiomycota;c__Exobasidiomycetes;o__Exobasidiomycetidae_ord_Incertae_sedis;f__Exobasidiomycetidae_fam_Incertae_sedis;g__Meira;s__Meira_argovae	match	7	[0, 1.0, 1.0, 0.99729729729729732, 0.98305084745762716, 0.94848484848484849, 0.69506726457399104]	[0, 0.98044009779951102, 0.95354523227383858, 0.90220048899755501, 0.85085574572127143, 0.76528117359413206, 0.37897310513447435]	[0, 0.99012345679012348, 0.97622027534418021, 0.94736842105263153, 0.91218872870249013, 0.8470906630581867, 0.49050632911392411]
F1-REF	6	0	naive-bayes	0.001:[6,6]:0.98	k__Fungi;p__Basidiomycota;c__Exobasidiomycetes;o__Exobasidiomycetidae_ord_Incertae_sedis;f__Exobasidiomycetidae_fam_Incertae_sedis;g__Meira;s__Meira_nashicola	k__Fungi;p__Basidiomycota;c__Exobasidiomycetes;o__Exobasidiomycetidae_ord_Incertae_sedis;f__Exobasidiomycetidae_fam_Incertae_sedis;g__Meira;s__Meira_sp	misclassification	6	[0, 1.0, 1.0, 0.99729729729729732, 0.98305084745762716, 0.94848484848484849, 0.69506726457399104]	[0, 0.98044009779951102, 0.95354523227383858, 0.90220048899755501, 0.85085574572127143, 0.76528117359413206, 0.37897310513447435]	[0, 0.99012345679012348, 0.97622027534418021, 0.94736842105263153, 0.91218872870249013, 0.8470906630581867, 0.49050632911392411]
F1-REF	6	0	naive-bayes	0.001:[6,6]:0.98	k__Fungi;p__Ascomycota;c__Pezizomycetes;o__Pezizales;f__Pezizaceae;g__Peziza;s__Peziza_lobulata	k__Fungi;p__Ascomycota;c__Pezizomycetes;o__Pezizales;f__Pezizaceae;g__Peziza;s__Peziza_varia	misclassification	6	[0, 1.0, 1.0, 0.99729729729729732, 0.98305084745762716, 0.94848484848484849, 0.69506726457399104]	[0, 0.98044009779951102, 0.95354523227383858, 0.90220048899755501, 0.85085574572127143, 0.76528117359413206, 0.37897310513447435]	[0, 0.99012345679012348, 0.97622027534418021, 0.94736842105263153, 0.91218872870249013, 0.8470906630581867, 0.49050632911392411]
F1-REF	6	0	naive-bayes	0.001:[6,6]:0.98	k__Fungi;p__Ascomycota;c__Pezizomycetes;o__Pezizales;f__Pezizaceae;g__Peziza;s__Peziza_lobulata	k__Fungi;p__Ascomycota;c__Pezizomycetes;o__Pezizales;f__Pezizaceae;g__Peziza;s__Peziza_pseudoviolacea	misclassification	6	[0, 1.0, 1.0, 0.99729729729729732, 0.98305084745762716, 0.94848484848484849, 0.69506726457399104]	[0, 0.98044009779951102, 0.95354523227383858, 0.90220048899755501, 0.85085574572127143, 0.76528117359413206, 0.37897310513447435]	[0, 0.99012345679012348, 0.97622027534418021, 0.94736842105263153, 0.91218872870249013, 0.8470906630581867, 0.49050632911392411]
F1-REF	6	0	naive-bayes	0.001:[6,6]:0.98	k__Fungi;p__Basidiomycota;c__Agaricomycetes;o__Agaricales;f__Cortinariaceae;g__Cortinarius	k__Fungi;p__Basidiomycota;c__Agaricomycetes;o__Agaricales;f__Cortinariaceae;g__Cortinarius;s__Cortinarius_sp	underclassification	6	[0, 1.0, 1.0, 0.99729729729729732, 0.98305084745762716, 0.94848484848484849, 0.69506726457399104]	[0, 0.98044009779951102, 0.95354523227383858, 0.90220048899755501, 0.85085574572127143, 0.76528117359413206, 0.37897310513447435]	[0, 0.99012345679012348, 0.97622027534418021, 0.94736842105263153, 0.91218872870249013, 0.8470906630581867, 0.49050632911392411]
F1-REF	6	0	naive-bayes	0.001:[6,6]:0.98	k__Fungi;p__Basidiomycota;c__Agaricomycetes;o__Agaricales;f__Cortinariaceae;g__Cortinarius	k__Fungi;p__Basidiomycota;c__Agaricomycetes;o__Agaricales;f__Cortinariaceae;g__Cortinarius;s__Cortinarius_hinnuleus	underclassification	6	[0, 1.0, 1.0, 0.99729729729729732, 0.98305084745762716, 0.94848484848484849, 0.69506726457399104]	[0, 0.98044009779951102, 0.95354523227383858, 0.90220048899755501, 0.85085574572127143, 0.76528117359413206, 0.37897310513447435]	[0, 0.99012345679012348, 0.97622027534418021, 0.94736842105263153, 0.91218872870249013, 0.8470906630581867, 0.49050632911392411]
F1-REF	6	0	naive-bayes	0.001:[6,6]:0.98	k__Fungi;p__Basidiomycota;c__Agaricomycetes;o__Agaricales;f__Cortinariaceae;g__Cortinarius	k__Fungi;p__Basidiomycota;c__Agaricomycetes;o__Agaricales;f__Cortinariaceae;g__Cortinarius;s__Cortinarius_venustus	underclassification	6	[0, 1.0, 1.0, 0.99729729729729732, 0.98305084745762716, 0.94848484848484849, 0.69506726457399104]	[0, 0.98044009779951102, 0.95354523227383858, 0.90220048899755501, 0.85085574572127143, 0.76528117359413206, 0.37897310513447435]	[0, 0.99012345679012348, 0.97622027534418021, 0.94736842105263153, 0.91218872870249013, 0.8470906630581867, 0.49050632911392411]
F1-REF	6	0	naive-bayes	0.001:[6,6]:0.98	k__Fungi;p__Basidiomycota;c__Agaricomycetes;o__Agaricales;f__Cortinariaceae;g__Cortinarius	k__Fungi;p__Basidiomycota;c__Agaricomycetes;o__Agaricales;f__Cortinariaceae;g__Cortinarius;s__Cortinarius_fulvescens	underclassification	6	[0, 1.0, 1.0, 0.99729729729729732, 0.98305084745762716, 0.94848484848484849, 0.69506726457399104]	[0, 0.98044009779951102, 0.95354523227383858, 0.90220048899755501, 0.85085574572127143, 0.76528117359413206, 0.37897310513447435]	[0, 0.99012345679012348, 0.97622027534418021, 0.94736842105263153, 0.91218872870249013, 0.8470906630581867, 0.49050632911392411]
F1-REF	6	0	naive-bayes	0.001:[6,6]:0.98	k__Fungi;p__Ascomycota;c__Pezizomycetes;o__Pezizales;f__Pezizaceae;g__Pachyphlodes	k__Fungi;p__Ascomycota;c__Pezizomycetes;o__Pezizales;f__Pezizaceae;g__Scabropezia;s__Scabropezia_sp	misclassification	5	[0, 1.0, 1.0, 0.99729729729729732, 0.98305084745762716, 0.94848484848484849, 0.69506726457399104]	[0, 0.98044009779951102, 0.95354523227383858, 0.90220048899755501, 0.85085574572127143, 0.76528117359413206, 0.37897310513447435]	[0, 0.99012345679012348, 0.97622027534418021, 0.94736842105263153, 0.91218872870249013, 0.8470906630581867, 0.49050632911392411]
F1-REF	6	0	naive-bayes	0.001:[6,6]:0.98	k__Fungi;p__Ascomycota;c__Lecanoromycetes;o__Peltigerales;f__Pannariaceae;g__Psoroma;s__Psoroma_hypnorum	k__Fungi;p__Ascomycota;c__Lecanoromycetes;o__Peltigerales;f__Pannariaceae;g__Psoroma;s__Psoroma_hypnorum	match	7	[0, 1.0, 1.0, 0.99729729729729732, 0.98305084745762716, 0.94848484848484849, 0.69506726457399104]	[0, 0.98044009779951102, 0.95354523227383858, 0.90220048899755501, 0.85085574572127143, 0.76528117359413206, 0.37897310513447435]	[0, 0.99012345679012348, 0.97622027534418021, 0.94736842105263153, 0.91218872870249013, 0.8470906630581867, 0.49050632911392411]
F1-REF	6	0	naive-bayes	0.001:[6,6]:0.98	k__Fungi;p__Basidiomycota;c__Agaricomycetes;o__Boletales;f__Sclerodermataceae;g__Pisolithus;s__Pisolithus_albus	k__Fungi;p__Basidiomycota;c__Agaricomycetes;o__Boletales;f__Sclerodermataceae;g__Pisolithus;s__Pisolithus_albus	match	7	[0, 1.0, 1.0, 0.99729729729729732, 0.98305084745762716, 0.94848484848484849, 0.69506726457399104]	[0, 0.98044009779951102, 0.95354523227383858, 0.90220048899755501, 0.85085574572127143, 0.76528117359413206, 0.37897310513447435]	[0, 0.99012345679012348, 0.97622027534418021, 0.94736842105263153, 0.91218872870249013, 0.8470906630581867, 0.49050632911392411]
F1-REF	6	0	naive-bayes	0.001:[6,6]:0.98	k__Fungi;p__Ascomycota;c__Sordariomycetes;o__Sordariomycetidae_ord_Incertae_sedis;f__Glomerellaceae;g__Colletotrichum	k__Fungi;p__Ascomycota;c__Sordariomycetes;o__Sordariomycetidae_ord_Incertae_sedis;f__Glomerellaceae;g__Colletotrichum;s__Colletotrichum_gloeosporioides	underclassification	6	[0, 1.0, 1.0, 0.99729729729729732, 0.98305084745762716, 0.94848484848484849, 0.69506726457399104]	[0, 0.98044009779951102, 0.95354523227383858, 0.90220048899755501, 0.85085574572127143, 0.76528117359413206, 0.37897310513447435]	[0, 0.99012345679012348, 0.97622027534418021, 0.94736842105263153, 0.91218872870249013, 0.8470906630581867, 0.49050632911392411]
F1-REF	6	0	naive-bayes	0.001:[6,6]:0.98	k__Fungi;p__Ascomycota;c__Sordariomycetes	k__Fungi;p__Ascomycota;c__Sordariomycetes;o__Sordariomycetidae_ord_Incertae_sedis;f__Glomerellaceae;g__Colletotrichum;s__Colletotrichum_sp	underclassification	3	[0, 1.0, 1.0, 0.99729729729729732, 0.98305084745762716, 0.94848484848484849, 0.69506726457399104]	[0, 0.98044009779951102, 0.95354523227383858, 0.90220048899755501, 0.85085574572127143, 0.76528117359413206, 0.37897310513447435]	[0, 0.99012345679012348, 0.97622027534418021, 0.94736842105263153, 0.91218872870249013, 0.8470906630581867, 0.49050632911392411]
F1-REF	6	0	naive-bayes	0.001:[6,6]:0.98	k__Fungi;p__Ascomycota	k__Fungi;p__Ascomycota;c__Eurotiomycetes;o__Chaetothyriales;f__Herpotrichiellaceae;g__Exophiala;s__Exophiala_mesophila	underclassification	2	[0, 1.0, 1.0, 0.99729729729729732, 0.98305084745762716, 0.94848484848484849, 0.69506726457399104]	[0, 0.98044009779951102, 0.95354523227383858, 0.90220048899755501, 0.85085574572127143, 0.76528117359413206, 0.37897310513447435]	[0, 0.99012345679012348, 0.97622027534418021, 0.94736842105263153, 0.91218872870249013, 0.8470906630581867, 0.49050632911392411]
F1-REF	6	0	naive-bayes	0.001:[6,6]:0.98	k__Fungi;p__Ascomycota;c__Dothideomycetes;o__Pleosporales;f__Pleosporales_fam_Incertae_sedis;g__Dictyosporium;s__Dictyosporium_strelitziae	k__Fungi;p__Ascomycota;c__Dothideomycetes;o__Pleosporales;f__Pleosporales_fam_Incertae_sedis;g__Dictyosporium;s__Dictyosporium_strelitziae	match	7	[0, 1.0, 1.0, 0.99729729729729732, 0.98305084745762716, 0.94848484848484849, 0.69506726457399104]	[0, 0.98044009779951102, 0.95354523227383858, 0.90220048899755501, 0.85085574572127143, 0.76528117359413206, 0.37897310513447435]	[0, 0.99012345679012348, 0.97622027534418021, 0.94736842105263153, 0.91218872870249013, 0.8470906630581867, 0.49050632911392411]
F1-REF	6	0	naive-bayes	0.001:[6,6]:0.98	k__Fungi;p__Ascomycota;c__Saccharomycetes;o__Saccharomycetales;f__Saccharomycetales_fam_Incertae_sedis;g__Candida	k__Fungi;p__Ascomycota;c__Saccharomycetes;o__Saccharomycetales;f__Saccharomycetales_fam_Incertae_sedis;g__Candida;s__Candida_ergatensis	underclassification	6	[0, 1.0, 1.0, 0.99729729729729732, 0.98305084745762716, 0.94848484848484849, 0.69506726457399104]	[0, 0.98044009779951102, 0.95354523227383858, 0.90220048899755501, 0.85085574572127143, 0.76528117359413206, 0.37897310513447435]	[0, 0.99012345679012348, 0.97622027534418021, 0.94736842105263153, 0.91218872870249013, 0.8470906630581867, 0.49050632911392411]
F1-REF	6	0	naive-bayes	0.001:[6,6]:0.98	k__Fungi;p__Ascomycota;c__Eurotiomycetes;o__Eurotiales;f__Elaphomycetaceae;g__Elaphomyces;s__Elaphomyces_muricatus	k__Fungi;p__Ascomycota;c__Eurotiomycetes;o__Eurotiales;f__Elaphomycetaceae;g__Elaphomyces;s__Elaphomyces_sp	misclassification	6	[0, 1.0, 1.0, 0.99729729729729732, 0.98305084745762716, 0.94848484848484849, 0.69506726457399104]	[0, 0.98044009779951102, 0.95354523227383858, 0.90220048899755501, 0.85085574572127143, 0.76528117359413206, 0.37897310513447435]	[0, 0.99012345679012348, 0.97622027534418021, 0.94736842105263153, 0.91218872870249013, 0.8470906630581867, 0.49050632911392411]
F1-REF	6	0	naive-bayes	0.001:[6,6]:0.98	k__Fungi;p__Ascomycota;c__Eurotiomycetes;o__Eurotiales;f__Elaphomycetaceae;g__Elaphomyces	k__Fungi;p__Ascomycota;c__Eurotiomycetes;o__Eurotiales;f__Elaphomycetaceae;g__Elaphomyces;s__Elaphomyces_muricatus	underclassification	6	[0, 1.0, 1.0, 0.99729729729729732, 0.98305084745762716, 0.94848484848484849, 0.69506726457399104]	[0, 0.98044009779951102, 0.95354523227383858, 0.90220048899755501, 0.85085574572127143, 0.76528117359413206, 0.37897310513447435]	[0, 0.99012345679012348, 0.97622027534418021, 0.94736842105263153, 0.91218872870249013, 0.8470906630581867, 0.49050632911392411]
F1-REF	6	0	naive-bayes	0.001:[6,6]:0.98	k__Fungi;p__Basidiomycota;c__Agaricomycetes;o__Agaricales;f__Entolomataceae;g__Clitopilus;s__Clitopilus_passeckerianus	k__Fungi;p__Basidiomycota;c__Agaricomycetes;o__Agaricales;f__Entolomataceae;g__Clitopilus;s__Clitopilus_hobsonii	misclassification	6	[0, 1.0, 1.0, 0.99729729729729732, 0.98305084745762716, 0.94848484848484849, 0.69506726457399104]	[0, 0.98044009779951102, 0.95354523227383858, 0.90220048899755501, 0.85085574572127143, 0.76528117359413206, 0.37897310513447435]	[0, 0.99012345679012348, 0.97622027534418021, 0.94736842105263153, 0.91218872870249013, 0.8470906630581867, 0.49050632911392411]
F1-REF	6	0	naive-bayes	0.001:[6,6]:0.98	k__Fungi;p__Zygomycota;c__Mucoromycotina_cls_Incertae_sedis;o__Mucorales;f__Choanephoraceae;g__Blakeslea;s__Blakeslea_trispora	k__Fungi;p__Zygomycota;c__Mucoromycotina_cls_Incertae_sedis;o__Mucorales;f__Choanephoraceae;g__Blakeslea;s__Blakeslea_trispora	match	7	[0, 1.0, 1.0, 0.99729729729729732, 0.98305084745762716, 0.94848484848484849, 0.69506726457399104]	[0, 0.98044009779951102, 0.95354523227383858, 0.90220048899755501, 0.85085574572127143, 0.76528117359413206, 0.37897310513447435]	[0, 0.99012345679012348, 0.97622027534418021, 0.94736842105263153, 0.91218872870249013, 0.8470906630581867, 0.49050632911392411]
F1-REF	6	0	naive-bayes	0.001:[6,6]:0.98	k__Fungi;p__Basidiomycota;c__Agaricomycetes;o__Russulales;f__Russulaceae;g__Russula	k__Fungi;p__Basidiomycota;c__Agaricomycetes;o__Russulales;f__Russulaceae;g__Russula;s__Russula_firmula	underclassification	6	[0, 1.0, 1.0, 0.99729729729729732, 0.98305084745762716, 0.94848484848484849, 0.69506726457399104]	[0, 0.98044009779951102, 0.95354523227383858, 0.90220048899755501, 0.85085574572127143, 0.76528117359413206, 0.37897310513447435]	[0, 0.99012345679012348, 0.97622027534418021, 0.94736842105263153, 0.91218872870249013, 0.8470906630581867, 0.49050632911392411]
F1-REF	6	0	naive-bayes	0.001:[6,6]:0.98	k__Fungi;p__Basidiomycota;c__Agaricomycetes;o__Agaricales;f__Tricholomataceae;g__Tricholoma;s__Tricholoma_sulphureum	k__Fungi;p__Basidiomycota;c__Agaricomycetes;o__Agaricales;f__Tricholomataceae;g__Tricholoma;s__Tricholoma_sulphureum	match	7	[0, 1.0, 1.0, 0.99729729729729732, 0.98305084745762716, 0.94848484848484849, 0.69506726457399104]	[0, 0.98044009779951102, 0.95354523227383858, 0.90220048899755501, 0.85085574572127143, 0.76528117359413206, 0.37897310513447435]	[0, 0.99012345679012348, 0.97622027534418021, 0.94736842105263153, 0.91218872870249013, 0.8470906630581867, 0.49050632911392411]
F1-REF	6	0	naive-bayes	0.001:[6,6]:0.98	k__Fungi;p__Basidiomycota;c__Agaricomycetes;o__Agaricales;f__Inocybaceae;g__Crepidotus;s__Crepidotus_applanatus	k__Fungi;p__Basidiomycota;c__Agaricomycetes;o__Agaricales;f__Inocybaceae;g__Crepidotus;s__Crepidotus_applanatus	match	7	[0, 1.0, 1.0, 0.99729729729729732, 0.98305084745762716, 0.94848484848484849, 0.69506726457399104]	[0, 0.98044009779951102, 0.95354523227383858, 0.90220048899755501, 0.85085574572127143, 0.76528117359413206, 0.37897310513447435]	[0, 0.99012345679012348, 0.97622027534418021, 0.94736842105263153, 0.91218872870249013, 0.8470906630581867, 0.49050632911392411]
F1-REF	6	0	naive-bayes	0.001:[6,6]:0.98	k__Fungi;p__Basidiomycota;c__Agaricomycetes;o__Agaricales;f__Marasmiaceae;g__Megacollybia;s__Megacollybia_clitocyboidea	k__Fungi;p__Basidiomycota;c__Agaricomycetes;o__Agaricales;f__Marasmiaceae;g__Megacollybia;s__Megacollybia_clitocyboidea	match	7	[0, 1.0, 1.0, 0.99729729729729732, 0.98305084745762716, 0.94848484848484849, 0.69506726457399104]	[0, 0.98044009779951102, 0.95354523227383858, 0.90220048899755501, 0.85085574572127143, 0.76528117359413206, 0.37897310513447435]	[0, 0.99012345679012348, 0.97622027534418021, 0.94736842105263153, 0.91218872870249013, 0.8470906630581867, 0.49050632911392411]
F1-REF	6	0	naive-bayes	0.001:[6,6]:0.98	k__Fungi;p__Basidiomycota;c__Agaricomycetes;o__Agaricales;f__Marasmiaceae;g__Megacollybia;s__Megacollybia_marginata	k__Fungi;p__Basidiomycota;c__Agaricomycetes;o__Agaricales;f__Marasmiaceae;g__Megacollybia;s__Megacollybia_marginata	match	7	[0, 1.0, 1.0, 0.99729729729729732, 0.98305084745762716, 0.94848484848484849, 0.69506726457399104]	[0, 0.98044009779951102, 0.95354523227383858, 0.90220048899755501, 0.85085574572127143, 0.76528117359413206, 0.37897310513447435]	[0, 0.99012345679012348, 0.97622027534418021, 0.94736842105263153, 0.91218872870249013, 0.8470906630581867, 0.49050632911392411]
F1-REF	6	0	naive-bayes	0.001:[6,6]:0.98	k__Fungi;p__Basidiomycota;c__Agaricomycetes;o__Russulales;f__Russulaceae;g__Russula	k__Fungi;p__Basidiomycota;c__Agaricomycetes;o__Russulales;f__Russulaceae;g__Russula;s__Russula_violeipes	underclassification	6	[0, 1.0, 1.0, 0.99729729729729732, 0.98305084745762716, 0.94848484848484849, 0.69506726457399104]	[0, 0.98044009779951102, 0.95354523227383858, 0.90220048899755501, 0.85085574572127143, 0.76528117359413206, 0.37897310513447435]	[0, 0.99012345679012348, 0.97622027534418021, 0.94736842105263153, 0.91218872870249013, 0.8470906630581867, 0.49050632911392411]
F1-REF	6	0	naive-bayes	0.001:[6,6]:0.98	k__Fungi;p__Ascomycota	k__Fungi;p__Ascomycota;c__Lecanoromycetes;o__Pertusariales;f__Megasporaceae;g__Aspicilia;s__Aspicilia_cinerea	underclassification	2	[0, 1.0, 1.0, 0.99729729729729732, 0.98305084745762716, 0.94848484848484849, 0.69506726457399104]	[0, 0.98044009779951102, 0.95354523227383858, 0.90220048899755501, 0.85085574572127143, 0.76528117359413206, 0.37897310513447435]	[0, 0.99012345679012348, 0.97622027534418021, 0.94736842105263153, 0.91218872870249013, 0.8470906630581867, 0.49050632911392411]
F1-REF	6	0	naive-bayes	0.001:[6,6]:0.98	k__Fungi;p__Basidiomycota;c__Agaricomycetes;o__Polyporales;f__Phanerochaetaceae;g__Phanerochaete	k__Fungi;p__Basidiomycota;c__Agaricomycetes;o__Polyporales;f__Phanerochaetaceae;g__Phanerochaete;s__Phanerochaete_sordida	underclassification	6	[0, 1.0, 1.0, 0.99729729729729732, 0.98305084745762716, 0.94848484848484849, 0.69506726457399104]	[0, 0.98044009779951102, 0.95354523227383858, 0.90220048899755501, 0.85085574572127143, 0.76528117359413206, 0.37897310513447435]	[0, 0.99012345679012348, 0.97622027534418021, 0.94736842105263153, 0.91218872870249013, 0.8470906630581867, 0.49050632911392411]
F1-REF	6	0	naive-bayes	0.001:[6,6]:0.98	k__Fungi;p__Basidiomycota;c__Agaricomycetes;o__Thelephorales;f__Thelephoraceae;g__Tomentellopsis;s__Tomentellopsis_zygodesmoides	k__Fungi;p__Basidiomycota;c__Agaricomycetes;o__Thelephorales;f__Thelephoraceae;g__Tomentellopsis;s__Tomentellopsis_zygodesmoides	match	7	[0, 1.0, 1.0, 0.99729729729729732, 0.98305084745762716, 0.94848484848484849, 0.69506726457399104]	[0, 0.98044009779951102, 0.95354523227383858, 0.90220048899755501, 0.85085574572127143, 0.76528117359413206, 0.37897310513447435]	[0, 0.99012345679012348, 0.97622027534418021, 0.94736842105263153, 0.91218872870249013, 0.8470906630581867, 0.49050632911392411]
F1-REF	6	0	naive-bayes	0.001:[6,6]:0.98	k__Fungi;p__Basidiomycota;c__Agaricomycetes;o__Thelephorales;f__Bankeraceae;g__Hydnellum;s__Hydnellum_concrescens	k__Fungi;p__Basidiomycota;c__Agaricomycetes;o__Thelephorales;f__Bankeraceae;g__Hydnellum;s__Hydnellum_concrescens	match	7	[0, 1.0, 1.0, 0.99729729729729732, 0.98305084745762716, 0.94848484848484849, 0.69506726457399104]	[0, 0.98044009779951102, 0.95354523227383858, 0.90220048899755501, 0.85085574572127143, 0.76528117359413206, 0.37897310513447435]	[0, 0.99012345679012348, 0.97622027534418021, 0.94736842105263153, 0.91218872870249013, 0.8470906630581867, 0.49050632911392411]
F1-REF	6	0	naive-bayes	0.001:[6,6]:0.98	k__Fungi;p__Basidiomycota;c__Agaricomycetes;o__Agaricales;f__Hygrophoraceae;g__Hygrocybe;s__Hygrocybe_acutoconica	k__Fungi;p__Basidiomycota;c__Agaricomycetes;o__Agaricales;f__Hygrophoraceae;g__Hygrocybe;s__Hygrocybe_acutoconica	match	7	[0, 1.0, 1.0, 0.99729729729729732, 0.98305084745762716, 0.94848484848484849, 0.69506726457399104]	[0, 0.98044009779951102, 0.95354523227383858, 0.90220048899755501, 0.85085574572127143, 0.76528117359413206, 0.37897310513447435]	[0, 0.99012345679012348, 0.97622027534418021, 0.94736842105263153, 0.91218872870249013, 0.8470906630581867, 0.49050632911392411]
F1-REF	6	0	naive-bayes	0.001:[6,6]:0.98	k__Fungi;p__Basidiomycota	k__Fungi;p__Basidiomycota;c__Agaricostilbomycetes;o__Agaricostilbales;f__Ruineniaceae;g__Ruinenia;s__Ruinenia_dracophylli	underclassification	2	[0, 1.0, 1.0, 0.99729729729729732, 0.98305084745762716, 0.94848484848484849, 0.69506726457399104]	[0, 0.98044009779951102, 0.95354523227383858, 0.90220048899755501, 0.85085574572127143, 0.76528117359413206, 0.37897310513447435]	[0, 0.99012345679012348, 0.97622027534418021, 0.94736842105263153, 0.91218872870249013, 0.8470906630581867, 0.49050632911392411]
F1-REF	6	0	naive-bayes	0.001:[6,6]:0.98	k__Fungi;p__Ascomycota;c__Sordariomycetes;o__Hypocreales;f__Clavicipitaceae	k__Fungi;p__Ascomycota;c__Sordariomycetes;o__Hypocreales;f__Clavicipitaceae;g__Metarhizium;s__Metarhizium_sp	underclassification	5	[0, 1.0, 1.0, 0.99729729729729732, 0.98305084745762716, 0.94848484848484849, 0.69506726457399104]	[0, 0.98044009779951102, 0.95354523227383858, 0.90220048899755501, 0.85085574572127143, 0.76528117359413206, 0.37897310513447435]	[0, 0.99012345679012348, 0.97622027534418021, 0.94736842105263153, 0.91218872870249013, 0.8470906630581867, 0.49050632911392411]
F1-REF	6	0	naive-bayes	0.001:[6,6]:0.98	k__Fungi;p__Ascomycota;c__Lecanoromycetes;o__Teloschistales;f__Teloschistaceae;g__Xanthoria;s__Xanthoria_papillifera	k__Fungi;p__Ascomycota;c__Lecanoromycetes;o__Teloschistales;f__Teloschistaceae;g__Xanthoria;s__Xanthoria_papillifera	match	7	[0, 1.0, 1.0, 0.99729729729729732, 0.98305084745762716, 0.94848484848484849, 0.69506726457399104]	[0, 0.98044009779951102, 0.95354523227383858, 0.90220048899755501, 0.85085574572127143, 0.76528117359413206, 0.37897310513447435]	[0, 0.99012345679012348, 0.97622027534418021, 0.94736842105263153, 0.91218872870249013, 0.8470906630581867, 0.49050632911392411]
F1-REF	6	0	naive-bayes	0.001:[6,6]:0.98	k__Fungi;p__Ascomycota;c__Lecanoromycetes;o__Teloschistales;f__Physciaceae;g__Anaptychia;s__Anaptychia_ciliaris	k__Fungi;p__Ascomycota;c__Lecanoromycetes;o__Teloschistales;f__Physciaceae;g__Anaptychia;s__Anaptychia_ciliaris	match	7	[0, 1.0, 1.0, 0.99729729729729732, 0.98305084745762716, 0.94848484848484849, 0.69506726457399104]	[0, 0.98044009779951102, 0.95354523227383858, 0.90220048899755501, 0.85085574572127143, 0.76528117359413206, 0.37897310513447435]	[0, 0.99012345679012348, 0.97622027534418021, 0.94736842105263153, 0.91218872870249013, 0.8470906630581867, 0.49050632911392411]
F1-REF	6	0	naive-bayes	0.001:[6,6]:0.98	k__Fungi;p__Basidiomycota;c__Agaricomycetes;o__Atheliales;f__Atheliaceae;g__Piloderma;s__Piloderma_sp	k__Fungi;p__Basidiomycota;c__Agaricomycetes;o__Atheliales;f__Atheliaceae;g__Piloderma;s__Piloderma_olivaceum	misclassification	6	[0, 1.0, 1.0, 0.99729729729729732, 0.98305084745762716, 0.94848484848484849, 0.69506726457399104]	[0, 0.98044009779951102, 0.95354523227383858, 0.90220048899755501, 0.85085574572127143, 0.76528117359413206, 0.37897310513447435]	[0, 0.99012345679012348, 0.97622027534418021, 0.94736842105263153, 0.91218872870249013, 0.8470906630581867, 0.49050632911392411]
F1-REF	6	0	naive-bayes	0.001:[6,6]:0.98	k__Fungi;p__Ascomycota;c__Geoglossomycetes;o__Geoglossales;f__Geoglossaceae	k__Fungi;p__Ascomycota;c__Geoglossomycetes;o__Geoglossales;f__Geoglossaceae;g__Glutinoglossum;s__Glutinoglossum_glutinosum	underclassification	5	[0, 1.0, 1.0, 0.99729729729729732, 0.98305084745762716, 0.94848484848484849, 0.69506726457399104]	[0, 0.98044009779951102, 0.95354523227383858, 0.90220048899755501, 0.85085574572127143, 0.76528117359413206, 0.37897310513447435]	[0, 0.99012345679012348, 0.97622027534418021, 0.94736842105263153, 0.91218872870249013, 0.8470906630581867, 0.49050632911392411]
F1-REF	6	0	naive-bayes	0.001:[6,6]:0.98	k__Fungi;p__Ascomycota;c__Dothideomycetes;o__Pleosporales;f__Pleosporaceae	k__Fungi;p__Ascomycota;c__Dothideomycetes;o__Pleosporales;f__Pleosporaceae;g__Drechslera;s__Drechslera_sp	underclassification	5	[0, 1.0, 1.0, 0.99729729729729732, 0.98305084745762716, 0.94848484848484849, 0.69506726457399104]	[0, 0.98044009779951102, 0.95354523227383858, 0.90220048899755501, 0.85085574572127143, 0.76528117359413206, 0.37897310513447435]	[0, 0.99012345679012348, 0.97622027534418021, 0.94736842105263153, 0.91218872870249013, 0.8470906630581867, 0.49050632911392411]
F1-REF	6	0	naive-bayes	0.001:[6,6]:0.98	k__Fungi;p__Basidiomycota;c__Agaricomycetes;o__Polyporales;f__Meruliaceae;g__Phlebia;s__Phlebia_livida	k__Fungi;p__Basidiomycota;c__Agaricomycetes;o__Polyporales;f__Meruliaceae;g__Phlebia;s__Phlebia_livida	match	7	[0, 1.0, 1.0, 0.99729729729729732, 0.98305084745762716, 0.94848484848484849, 0.69506726457399104]	[0, 0.98044009779951102, 0.95354523227383858, 0.90220048899755501, 0.85085574572127143, 0.76528117359413206, 0.37897310513447435]	[0, 0.99012345679012348, 0.97622027534418021, 0.94736842105263153, 0.91218872870249013, 0.8470906630581867, 0.49050632911392411]
F1-REF	6	0	naive-bayes	0.001:[6,6]:0.98	k__Fungi;p__Basidiomycota;c__Microbotryomycetes;o__Heterogastridiales;f__Heterogastridiaceae;g__Colacogloea;s__Colacogloea_falcata	k__Fungi;p__Basidiomycota;c__Microbotryomycetes;o__Heterogastridiales;f__Heterogastridiaceae;g__Colacogloea;s__Colacogloea_falcata	match	7	[0, 1.0, 1.0, 0.99729729729729732, 0.98305084745762716, 0.94848484848484849, 0.69506726457399104]	[0, 0.98044009779951102, 0.95354523227383858, 0.90220048899755501, 0.85085574572127143, 0.76528117359413206, 0.37897310513447435]	[0, 0.99012345679012348, 0.97622027534418021, 0.94736842105263153, 0.91218872870249013, 0.8470906630581867, 0.49050632911392411]
F1-REF	6	0	naive-bayes	0.001:[6,6]:0.98	k__Fungi;p__Basidiomycota;c__Agaricomycetes;o__Polyporales;f__Phanerochaetaceae;g__Ceriporiopsis;s__Ceriporiopsis_sp	k__Fungi;p__Basidiomycota;c__Agaricomycetes;o__Hymenochaetales;f__Schizoporaceae;g__Hyphodontia;s__Hyphodontia_setulosa	misclassification	3	[0, 1.0, 1.0, 0.99729729729729732, 0.98305084745762716, 0.94848484848484849, 0.69506726457399104]	[0, 0.98044009779951102, 0.95354523227383858, 0.90220048899755501, 0.85085574572127143, 0.76528117359413206, 0.37897310513447435]	[0, 0.99012345679012348, 0.97622027534418021, 0.94736842105263153, 0.91218872870249013, 0.8470906630581867, 0.49050632911392411]
F1-REF	6	0	naive-bayes	0.001:[6,6]:0.98	k__Fungi;p__Ascomycota;c__Lecanoromycetes;o__Teloschistales;f__Teloschistaceae;g__Dufourea;s__Dufourea_turbinata	k__Fungi;p__Ascomycota;c__Lecanoromycetes;o__Teloschistales;f__Teloschistaceae;g__Dufourea;s__Dufourea_turbinata	match	7	[0, 1.0, 1.0, 0.99729729729729732, 0.98305084745762716, 0.94848484848484849, 0.69506726457399104]	[0, 0.98044009779951102, 0.95354523227383858, 0.90220048899755501, 0.85085574572127143, 0.76528117359413206, 0.37897310513447435]	[0, 0.99012345679012348, 0.97622027534418021, 0.94736842105263153, 0.91218872870249013, 0.8470906630581867, 0.49050632911392411]
F1-REF	6	0	naive-bayes	0.001:[6,6]:0.98	k__Fungi;p__Zygomycota;c__Mortierellomycotina_cls_Incertae_sedis;o__Mortierellales;f__Mortierellaceae;g__Mortierella	k__Fungi;p__Zygomycota;c__Mortierellomycotina_cls_Incertae_sedis;o__Mortierellales;f__Mortierellaceae;g__Mortierella;s__Mortierella_parvispora	underclassification	6	[0, 1.0, 1.0, 0.99729729729729732, 0.98305084745762716, 0.94848484848484849, 0.69506726457399104]	[0, 0.98044009779951102, 0.95354523227383858, 0.90220048899755501, 0.85085574572127143, 0.76528117359413206, 0.37897310513447435]	[0, 0.99012345679012348, 0.97622027534418021, 0.94736842105263153, 0.91218872870249013, 0.8470906630581867, 0.49050632911392411]
F1-REF	6	0	naive-bayes	0.001:[6,6]:0.98	k__Fungi;p__Ascomycota;c__Pezizomycetes;o__Pezizales;f__Pyronemataceae;g__Wilcoxina;s__Wilcoxina_sp	k__Fungi;p__Ascomycota;c__Pezizomycetes;o__Pezizales;f__Pyronemataceae;g__Wilcoxina;s__Wilcoxina_mikolae	misclassification	6	[0, 1.0, 1.0, 0.99729729729729732, 0.98305084745762716, 0.94848484848484849, 0.69506726457399104]	[0, 0.98044009779951102, 0.95354523227383858, 0.90220048899755501, 0.85085574572127143, 0.76528117359413206, 0.37897310513447435]	[0, 0.99012345679012348, 0.97622027534418021, 0.94736842105263153, 0.91218872870249013, 0.8470906630581867, 0.49050632911392411]
F1-REF	6	0	naive-bayes	0.001:[6,6]:0.98	k__Fungi;p__Ascomycota;c__Sordariomycetes;o__Xylariales;f__Xylariaceae	k__Fungi;p__Ascomycota;c__Sordariomycetes;o__Xylariales;f__Xylariaceae;g__Xylaria;s__Xylaria_allantoidea	underclassification	5	[0, 1.0, 1.0, 0.99729729729729732, 0.98305084745762716, 0.94848484848484849, 0.69506726457399104]	[0, 0.98044009779951102, 0.95354523227383858, 0.90220048899755501, 0.85085574572127143, 0.76528117359413206, 0.37897310513447435]	[0, 0.99012345679012348, 0.97622027534418021, 0.94736842105263153, 0.91218872870249013, 0.8470906630581867, 0.49050632911392411]
F1-REF	6	0	naive-bayes	0.001:[6,6]:0.98	k__Fungi;p__Ascomycota;c__Lecanoromycetes;o__Lecanorales;f__Parmeliaceae;g__Protoparmelia;s__Protoparmelia_badia	k__Fungi;p__Ascomycota;c__Lecanoromycetes;o__Lecanorales;f__Parmeliaceae;g__Protoparmelia;s__Protoparmelia_badia	match	7	[0, 1.0, 1.0, 0.99729729729729732, 0.98305084745762716, 0.94848484848484849, 0.69506726457399104]	[0, 0.98044009779951102, 0.95354523227383858, 0.90220048899755501, 0.85085574572127143, 0.76528117359413206, 0.37897310513447435]	[0, 0.99012345679012348, 0.97622027534418021, 0.94736842105263153, 0.91218872870249013, 0.8470906630581867, 0.49050632911392411]
F1-REF	6	0	naive-bayes	0.001:[6,6]:0.98	k__Fungi;p__Basidiomycota;c__Agaricomycetes;o__Auriculariales;f__Auriculariales_fam_Incertae_sedis;g__Auricularia;s__Auricularia_auricula-judae	k__Fungi;p__Basidiomycota;c__Agaricomycetes;o__Auriculariales;f__Auriculariales_fam_Incertae_sedis;g__Auricularia;s__Auricularia_auricula-judae	match	7	[0, 1.0, 1.0, 0.99729729729729732, 0.98305084745762716, 0.94848484848484849, 0.69506726457399104]	[0, 0.98044009779951102, 0.95354523227383858, 0.90220048899755501, 0.85085574572127143, 0.76528117359413206, 0.37897310513447435]	[0, 0.99012345679012348, 0.97622027534418021, 0.94736842105263153, 0.91218872870249013, 0.8470906630581867, 0.49050632911392411]
F1-REF	6	0	naive-bayes	0.001:[6,6]:0.98	k__Fungi;p__Ascomycota;c__Lecanoromycetes;o__Lecanorales;f__Lecanoraceae;g__Protoparmeliopsis;s__Protoparmeliopsis_muralis	k__Fungi;p__Ascomycota;c__Lecanoromycetes;o__Lecanorales;f__Lecanoraceae;g__Protoparmeliopsis;s__Protoparmeliopsis_muralis	match	7	[0, 1.0, 1.0, 0.99729729729729732, 0.98305084745762716, 0.94848484848484849, 0.69506726457399104]	[0, 0.98044009779951102, 0.95354523227383858, 0.90220048899755501, 0.85085574572127143, 0.76528117359413206, 0.37897310513447435]	[0, 0.99012345679012348, 0.97622027534418021, 0.94736842105263153, 0.91218872870249013, 0.8470906630581867, 0.49050632911392411]
F1-REF	6	0	naive-bayes	0.001:[6,6]:0.98	k__Fungi;p__Ascomycota;c__Leotiomycetes;o__Rhytismatales	k__Fungi;p__Ascomycota;c__Leotiomycetes;o__Rhytismatales;f__Cudoniaceae;g__Spathularia;s__Spathularia_flavida	underclassification	4	[0, 1.0, 1.0, 0.99729729729729732, 0.98305084745762716, 0.94848484848484849, 0.69506726457399104]	[0, 0.98044009779951102, 0.95354523227383858, 0.90220048899755501, 0.85085574572127143, 0.76528117359413206, 0.37897310513447435]	[0, 0.99012345679012348, 0.97622027534418021, 0.94736842105263153, 0.91218872870249013, 0.8470906630581867, 0.49050632911392411]
F1-REF	6	0	naive-bayes	0.001:[6,6]:0.98	k__Fungi;p__Ascomycota;c__Lecanoromycetes;o__Peltigerales;f__Collemataceae;g__Leptogium;s__Leptogium_furfuraceum	k__Fungi;p__Ascomycota;c__Lecanoromycetes;o__Peltigerales;f__Collemataceae;g__Leptogium;s__Leptogium_furfuraceum	match	7	[0, 1.0, 1.0, 0.99729729729729732, 0.98305084745762716, 0.94848484848484849, 0.69506726457399104]	[0, 0.98044009779951102, 0.95354523227383858, 0.90220048899755501, 0.85085574572127143, 0.76528117359413206, 0.37897310513447435]	[0, 0.99012345679012348, 0.97622027534418021, 0.94736842105263153, 0.91218872870249013, 0.8470906630581867, 0.49050632911392411]
F1-REF	6	0	naive-bayes	0.001:[6,6]:0.98	k__Fungi;p__Ascomycota;c__Sordariomycetes;o__Xylariales;f__Xylariaceae;g__Muscodor;s__Muscodor_fengyangensis	k__Fungi;p__Ascomycota;c__Sordariomycetes;o__Xylariales;f__Xylariaceae;g__Muscodor;s__Muscodor_sp	misclassification	6	[0, 1.0, 1.0, 0.99729729729729732, 0.98305084745762716, 0.94848484848484849, 0.69506726457399104]	[0, 0.98044009779951102, 0.95354523227383858, 0.90220048899755501, 0.85085574572127143, 0.76528117359413206, 0.37897310513447435]	[0, 0.99012345679012348, 0.97622027534418021, 0.94736842105263153, 0.91218872870249013, 0.8470906630581867, 0.49050632911392411]
F1-REF	6	0	naive-bayes	0.001:[6,6]:0.98	k__Fungi;p__Basidiomycota;c__Agaricomycetes	k__Fungi;p__Basidiomycota;c__Agaricomycetes;o__Polyporales;f__Polyporales_fam_Incertae_sedis;g__Obba;s__Obba_valdiviana	underclassification	3	[0, 1.0, 1.0, 0.99729729729729732, 0.98305084745762716, 0.94848484848484849, 0.69506726457399104]	[0, 0.98044009779951102, 0.95354523227383858, 0.90220048899755501, 0.85085574572127143, 0.76528117359413206, 0.37897310513447435]	[0, 0.99012345679012348, 0.97622027534418021, 0.94736842105263153, 0.91218872870249013, 0.8470906630581867, 0.49050632911392411]
F1-REF	6	0	naive-bayes	0.001:[6,6]:0.98	k__Fungi;p__Ascomycota;c__Leotiomycetes;o__Helotiales;f__Hyaloscyphaceae;g__Cistella;s__Cistella_sp	k__Fungi;p__Ascomycota;c__Leotiomycetes;o__Helotiales;f__Hyaloscyphaceae;g__Cistella;s__Cistella_sp	match	7	[0, 1.0, 1.0, 0.99729729729729732, 0.98305084745762716, 0.94848484848484849, 0.69506726457399104]	[0, 0.98044009779951102, 0.95354523227383858, 0.90220048899755501, 0.85085574572127143, 0.76528117359413206, 0.37897310513447435]	[0, 0.99012345679012348, 0.97622027534418021, 0.94736842105263153, 0.91218872870249013, 0.8470906630581867, 0.49050632911392411]
F1-REF	6	0	naive-bayes	0.001:[6,6]:0.98	k__Fungi;p__Basidiomycota;c__Agaricostilbomycetes;o__Agaricostilbales;f__Agaricostilbaceae;g__Sterigmatomyces;s__Sterigmatomyces_elviae	k__Fungi;p__Basidiomycota;c__Agaricostilbomycetes;o__Agaricostilbales;f__Agaricostilbaceae;g__Sterigmatomyces;s__Sterigmatomyces_elviae	match	7	[0, 1.0, 1.0, 0.99729729729729732, 0.98305084745762716, 0.94848484848484849, 0.69506726457399104]	[0, 0.98044009779951102, 0.95354523227383858, 0.90220048899755501, 0.85085574572127143, 0.76528117359413206, 0.37897310513447435]	[0, 0.99012345679012348, 0.97622027534418021, 0.94736842105263153, 0.91218872870249013, 0.8470906630581867, 0.49050632911392411]
F1-REF	6	0	naive-bayes	0.001:[6,6]:0.98	k__Fungi;p__Basidiomycota;c__Agaricomycetes;o__Polyporales;f__Polyporaceae;g__Neolentinus;s__Neolentinus_lepideus	k__Fungi;p__Basidiomycota;c__Agaricomycetes;o__Polyporales;f__Polyporaceae;g__Neolentinus;s__Neolentinus_lepideus	match	7	[0, 1.0, 1.0, 0.99729729729729732, 0.98305084745762716, 0.94848484848484849, 0.69506726457399104]	[0, 0.98044009779951102, 0.95354523227383858, 0.90220048899755501, 0.85085574572127143, 0.76528117359413206, 0.37897310513447435]	[0, 0.99012345679012348, 0.97622027534418021, 0.94736842105263153, 0.91218872870249013, 0.8470906630581867, 0.49050632911392411]
F1-REF	6	0	naive-bayes	0.001:[6,6]:0.98	k__Fungi;p__Ascomycota;c__Sordariomycetes;o__Xylariales;f__Xylariaceae;g__Annulohypoxylon;s__Annulohypoxylon_archeri	k__Fungi;p__Ascomycota;c__Sordariomycetes;o__Xylariales;f__Xylariaceae;g__Annulohypoxylon;s__Annulohypoxylon_sp	misclassification	6	[0, 1.0, 1.0, 0.99729729729729732, 0.98305084745762716, 0.94848484848484849, 0.69506726457399104]	[0, 0.98044009779951102, 0.95354523227383858, 0.90220048899755501, 0.85085574572127143, 0.76528117359413206, 0.37897310513447435]	[0, 0.99012345679012348, 0.97622027534418021, 0.94736842105263153, 0.91218872870249013, 0.8470906630581867, 0.49050632911392411]
F1-REF	6	0	naive-bayes	0.001:[6,6]:0.98	k__Fungi;p__Basidiomycota;c__Agaricomycetes;o__Boletales;f__Serpulaceae;g__Serpula	k__Fungi;p__Basidiomycota;c__Agaricomycetes;o__Boletales;f__Serpulaceae;g__Serpula;s__Serpula_lacrymans	underclassification	6	[0, 1.0, 1.0, 0.99729729729729732, 0.98305084745762716, 0.94848484848484849, 0.69506726457399104]	[0, 0.98044009779951102, 0.95354523227383858, 0.90220048899755501, 0.85085574572127143, 0.76528117359413206, 0.37897310513447435]	[0, 0.99012345679012348, 0.97622027534418021, 0.94736842105263153, 0.91218872870249013, 0.8470906630581867, 0.49050632911392411]
F1-REF	6	0	naive-bayes	0.001:[6,6]:0.98	k__Fungi;p__Glomeromycota;c__Glomeromycetes;o__Diversisporales;f__Diversisporaceae;g__Diversispora;s__Diversispora_epigaea	k__Fungi;p__Glomeromycota;c__Glomeromycetes;o__Diversisporales;f__Diversisporaceae;g__Diversispora;s__Diversispora_epigaea	match	7	[0, 1.0, 1.0, 0.99729729729729732, 0.98305084745762716, 0.94848484848484849, 0.69506726457399104]	[0, 0.98044009779951102, 0.95354523227383858, 0.90220048899755501, 0.85085574572127143, 0.76528117359413206, 0.37897310513447435]	[0, 0.99012345679012348, 0.97622027534418021, 0.94736842105263153, 0.91218872870249013, 0.8470906630581867, 0.49050632911392411]
F1-REF	6	0	naive-bayes	0.001:[6,6]:0.98	k__Fungi;p__Glomeromycota;c__Glomeromycetes;o__Diversisporales;f__Diversisporaceae;g__Diversispora	k__Fungi;p__Glomeromycota;c__Glomeromycetes;o__Diversisporales;f__Diversisporaceae;g__Diversispora;s__Diversispora_spurca	underclassification	6	[0, 1.0, 1.0, 0.99729729729729732, 0.98305084745762716, 0.94848484848484849, 0.69506726457399104]	[0, 0.98044009779951102, 0.95354523227383858, 0.90220048899755501, 0.85085574572127143, 0.76528117359413206, 0.37897310513447435]	[0, 0.99012345679012348, 0.97622027534418021, 0.94736842105263153, 0.91218872870249013, 0.8470906630581867, 0.49050632911392411]
F1-REF	6	0	naive-bayes	0.001:[6,6]:0.98	k__Fungi;p__Basidiomycota;c__Agaricomycetes;o__Gomphales;f__Gomphaceae;g__Ramaria;s__Ramaria_conjunctipes	k__Fungi;p__Basidiomycota;c__Agaricomycetes;o__Gomphales;f__Gomphaceae;g__Ramaria;s__Ramaria_conjunctipes	match	7	[0, 1.0, 1.0, 0.99729729729729732, 0.98305084745762716, 0.94848484848484849, 0.69506726457399104]	[0, 0.98044009779951102, 0.95354523227383858, 0.90220048899755501, 0.85085574572127143, 0.76528117359413206, 0.37897310513447435]	[0, 0.99012345679012348, 0.97622027534418021, 0.94736842105263153, 0.91218872870249013, 0.8470906630581867, 0.49050632911392411]
F1-REF	6	0	naive-bayes	0.001:[6,6]:0.98	k__Fungi;p__Basidiomycota	k__Fungi;p__Basidiomycota;c__Pucciniomycetes;o__Pucciniales;f__Uropyxidaceae;g__Tranzschelia;s__Tranzschelia_sp	underclassification	2	[0, 1.0, 1.0, 0.99729729729729732, 0.98305084745762716, 0.94848484848484849, 0.69506726457399104]	[0, 0.98044009779951102, 0.95354523227383858, 0.90220048899755501, 0.85085574572127143, 0.76528117359413206, 0.37897310513447435]	[0, 0.99012345679012348, 0.97622027534418021, 0.94736842105263153, 0.91218872870249013, 0.8470906630581867, 0.49050632911392411]
F1-REF	6	0	naive-bayes	0.001:[6,6]:0.98	k__Fungi;p__Basidiomycota;c__Agaricomycetes	k__Fungi;p__Basidiomycota;c__Agaricomycetes;o__Polyporales;f__Fomitopsidaceae;g__Daedalea;s__Daedalea_circularis	underclassification	3	[0, 1.0, 1.0, 0.99729729729729732, 0.98305084745762716, 0.94848484848484849, 0.69506726457399104]	[0, 0.98044009779951102, 0.95354523227383858, 0.90220048899755501, 0.85085574572127143, 0.76528117359413206, 0.37897310513447435]	[0, 0.99012345679012348, 0.97622027534418021, 0.94736842105263153, 0.91218872870249013, 0.8470906630581867, 0.49050632911392411]
F1-REF	6	0	naive-bayes	0.001:[6,6]:0.98	k__Fungi;p__Basidiomycota;c__Agaricomycetes;o__Polyporales	k__Fungi;p__Basidiomycota;c__Agaricomycetes;o__Polyporales;f__Meruliaceae;g__Hypochnicium;s__Hypochnicium_albostramineum	underclassification	4	[0, 1.0, 1.0, 0.99729729729729732, 0.98305084745762716, 0.94848484848484849, 0.69506726457399104]	[0, 0.98044009779951102, 0.95354523227383858, 0.90220048899755501, 0.85085574572127143, 0.76528117359413206, 0.37897310513447435]	[0, 0.99012345679012348, 0.97622027534418021, 0.94736842105263153, 0.91218872870249013, 0.8470906630581867, 0.49050632911392411]
F1-REF	6	0	naive-bayes	0.001:[6,6]:0.98	k__Fungi;p__Basidiomycota;c__Agaricomycetes;o__Agaricales;f__Clavariaceae;g__Clavulinopsis;s__Clavulinopsis_fusiformis	k__Fungi;p__Basidiomycota;c__Agaricomycetes;o__Agaricales;f__Clavariaceae;g__Clavulinopsis;s__Clavulinopsis_fusiformis	match	7	[0, 1.0, 1.0, 0.99729729729729732, 0.98305084745762716, 0.94848484848484849, 0.69506726457399104]	[0, 0.98044009779951102, 0.95354523227383858, 0.90220048899755501, 0.85085574572127143, 0.76528117359413206, 0.37897310513447435]	[0, 0.99012345679012348, 0.97622027534418021, 0.94736842105263153, 0.91218872870249013, 0.8470906630581867, 0.49050632911392411]
F1-REF	6	0	naive-bayes	0.001:[6,6]:0.98	k__Fungi;p__Ascomycota;c__Pezizomycetes;o__Pezizales;f__Pyronemataceae;g__Scutellinia	k__Fungi;p__Ascomycota;c__Pezizomycetes;o__Pezizales;f__Pyronemataceae;g__Scutellinia;s__Scutellinia_scutellata	underclassification	6	[0, 1.0, 1.0, 0.99729729729729732, 0.98305084745762716, 0.94848484848484849, 0.69506726457399104]	[0, 0.98044009779951102, 0.95354523227383858, 0.90220048899755501, 0.85085574572127143, 0.76528117359413206, 0.37897310513447435]	[0, 0.99012345679012348, 0.97622027534418021, 0.94736842105263153, 0.91218872870249013, 0.8470906630581867, 0.49050632911392411]
F1-REF	6	0	naive-bayes	0.001:[6,6]:0.98	k__Fungi;p__Ascomycota;c__Eurotiomycetes;o__Onygenales;f__Onygenaceae;g__Chrysosporium;s__Chrysosporium_lobatum	k__Fungi;p__Ascomycota;c__Eurotiomycetes;o__Onygenales;f__Onygenaceae;g__Chrysosporium;s__Chrysosporium_lobatum	match	7	[0, 1.0, 1.0, 0.99729729729729732, 0.98305084745762716, 0.94848484848484849, 0.69506726457399104]	[0, 0.98044009779951102, 0.95354523227383858, 0.90220048899755501, 0.85085574572127143, 0.76528117359413206, 0.37897310513447435]	[0, 0.99012345679012348, 0.97622027534418021, 0.94736842105263153, 0.91218872870249013, 0.8470906630581867, 0.49050632911392411]
F1-REF	6	0	naive-bayes	0.001:[6,6]:0.98	k__Fungi;p__Basidiomycota;c__Agaricomycetes;o__Polyporales;f__Polyporaceae;g__Fomes;s__Fomes_fomentarius	k__Fungi;p__Basidiomycota;c__Agaricomycetes;o__Polyporales;f__Polyporaceae;g__Fomes;s__Fomes_fomentarius	match	7	[0, 1.0, 1.0, 0.99729729729729732, 0.98305084745762716, 0.94848484848484849, 0.69506726457399104]	[0, 0.98044009779951102, 0.95354523227383858, 0.90220048899755501, 0.85085574572127143, 0.76528117359413206, 0.37897310513447435]	[0, 0.99012345679012348, 0.97622027534418021, 0.94736842105263153, 0.91218872870249013, 0.8470906630581867, 0.49050632911392411]
F1-REF	6	0	naive-bayes	0.001:[6,6]:0.98	k__Fungi;p__Ascomycota;c__Eurotiomycetes;o__Onygenales;f__Ajellomycetaceae;g__Emmonsia	k__Fungi;p__Ascomycota;c__Eurotiomycetes;o__Onygenales;f__Ajellomycetaceae;g__Ajellomyces;s__Ajellomyces_crescens	misclassification	5	[0, 1.0, 1.0, 0.99729729729729732, 0.98305084745762716, 0.94848484848484849, 0.69506726457399104]	[0, 0.98044009779951102, 0.95354523227383858, 0.90220048899755501, 0.85085574572127143, 0.76528117359413206, 0.37897310513447435]	[0, 0.99012345679012348, 0.97622027534418021, 0.94736842105263153, 0.91218872870249013, 0.8470906630581867, 0.49050632911392411]
F1-REF	6	0	naive-bayes	0.001:[6,6]:0.98	k__Fungi;p__Basidiomycota;c__Agaricomycetes;o__Polyporales;f__Fomitopsidaceae;g__Antrodia	k__Fungi;p__Basidiomycota;c__Agaricomycetes;o__Polyporales;f__Fomitopsidaceae;g__Antrodia;s__Antrodia_favescens	underclassification	6	[0, 1.0, 1.0, 0.99729729729729732, 0.98305084745762716, 0.94848484848484849, 0.69506726457399104]	[0, 0.98044009779951102, 0.95354523227383858, 0.90220048899755501, 0.85085574572127143, 0.76528117359413206, 0.37897310513447435]	[0, 0.99012345679012348, 0.97622027534418021, 0.94736842105263153, 0.91218872870249013, 0.8470906630581867, 0.49050632911392411]
F1-REF	6	0	naive-bayes	0.001:[6,6]:0.98	k__Fungi;p__Basidiomycota;c__Agaricomycetes;o__Polyporales;f__Fomitopsidaceae;g__Antrodia;s__Antrodia_heteromorpha	k__Fungi;p__Basidiomycota;c__Agaricomycetes;o__Polyporales;f__Fomitopsidaceae;g__Antrodia;s__Antrodia_heteromorpha	match	7	[0, 1.0, 1.0, 0.99729729729729732, 0.98305084745762716, 0.94848484848484849, 0.69506726457399104]	[0, 0.98044009779951102, 0.95354523227383858, 0.90220048899755501, 0.85085574572127143, 0.76528117359413206, 0.37897310513447435]	[0, 0.99012345679012348, 0.97622027534418021, 0.94736842105263153, 0.91218872870249013, 0.8470906630581867, 0.49050632911392411]
F1-REF	6	0	naive-bayes	0.001:[6,6]:0.98	k__Fungi;p__Ascomycota;c__Lecanoromycetes;o__Teloschistales;f__Teloschistaceae;g__Xanthoria;s__Xanthoria_fallax	k__Fungi;p__Ascomycota;c__Lecanoromycetes;o__Teloschistales;f__Teloschistaceae;g__Xanthoria;s__Xanthoria_fallax	match	7	[0, 1.0, 1.0, 0.99729729729729732, 0.98305084745762716, 0.94848484848484849, 0.69506726457399104]	[0, 0.98044009779951102, 0.95354523227383858, 0.90220048899755501, 0.85085574572127143, 0.76528117359413206, 0.37897310513447435]	[0, 0.99012345679012348, 0.97622027534418021, 0.94736842105263153, 0.91218872870249013, 0.8470906630581867, 0.49050632911392411]
F1-REF	6	0	naive-bayes	0.001:[6,6]:0.98	k__Fungi;p__Ascomycota;c__Lecanoromycetes;o__Teloschistales;f__Teloschistaceae;g__Xanthomendoza;s__Xanthomendoza_mendozae	k__Fungi;p__Ascomycota;c__Lecanoromycetes;o__Teloschistales;f__Teloschistaceae;g__Xanthomendoza;s__Xanthomendoza_mendozae	match	7	[0, 1.0, 1.0, 0.99729729729729732, 0.98305084745762716, 0.94848484848484849, 0.69506726457399104]	[0, 0.98044009779951102, 0.95354523227383858, 0.90220048899755501, 0.85085574572127143, 0.76528117359413206, 0.37897310513447435]	[0, 0.99012345679012348, 0.97622027534418021, 0.94736842105263153, 0.91218872870249013, 0.8470906630581867, 0.49050632911392411]
F1-REF	6	0	naive-bayes	0.001:[6,6]:0.98	k__Fungi;p__Zygomycota;c__Mucoromycotina_cls_Incertae_sedis;o__Mucorales;f__Syncephalastraceae;g__Syncephalastrum;s__Syncephalastrum_racemosum	k__Fungi;p__Zygomycota;c__Mucoromycotina_cls_Incertae_sedis;o__Mucorales;f__Syncephalastraceae;g__Syncephalastrum;s__Syncephalastrum_racemosum	match	7	[0, 1.0, 1.0, 0.99729729729729732, 0.98305084745762716, 0.94848484848484849, 0.69506726457399104]	[0, 0.98044009779951102, 0.95354523227383858, 0.90220048899755501, 0.85085574572127143, 0.76528117359413206, 0.37897310513447435]	[0, 0.99012345679012348, 0.97622027534418021, 0.94736842105263153, 0.91218872870249013, 0.8470906630581867, 0.49050632911392411]
F1-REF	6	0	naive-bayes	0.001:[6,6]:0.98	k__Fungi;p__Basidiomycota;c__Agaricomycetes	k__Fungi;p__Basidiomycota;c__Agaricomycetes;o__Agaricales;f__Hygrophoraceae;g__Hygrocybe;s__Hygrocybe_punicea	underclassification	3	[0, 1.0, 1.0, 0.99729729729729732, 0.98305084745762716, 0.94848484848484849, 0.69506726457399104]	[0, 0.98044009779951102, 0.95354523227383858, 0.90220048899755501, 0.85085574572127143, 0.76528117359413206, 0.37897310513447435]	[0, 0.99012345679012348, 0.97622027534418021, 0.94736842105263153, 0.91218872870249013, 0.8470906630581867, 0.49050632911392411]
F1-REF	6	0	naive-bayes	0.001:[6,6]:0.98	k__Fungi;p__Ascomycota	k__Fungi;p__Ascomycota;c__Eurotiomycetes;o__Chaetothyriales;f__Herpotrichiellaceae;g__Rhinocladiella;s__Rhinocladiella_sp	underclassification	2	[0, 1.0, 1.0, 0.99729729729729732, 0.98305084745762716, 0.94848484848484849, 0.69506726457399104]	[0, 0.98044009779951102, 0.95354523227383858, 0.90220048899755501, 0.85085574572127143, 0.76528117359413206, 0.37897310513447435]	[0, 0.99012345679012348, 0.97622027534418021, 0.94736842105263153, 0.91218872870249013, 0.8470906630581867, 0.49050632911392411]
F1-REF	6	0	naive-bayes	0.001:[6,6]:0.98	k__Fungi;p__Basidiomycota;c__Microbotryomycetes;o__Heterogastridiales;f__Heterogastridiaceae;g__Colacogloea;s__Colacogloea_philyla	k__Fungi;p__Basidiomycota;c__Microbotryomycetes;o__Heterogastridiales;f__Heterogastridiaceae;g__Colacogloea;s__Colacogloea_philyla	match	7	[0, 1.0, 1.0, 0.99729729729729732, 0.98305084745762716, 0.94848484848484849, 0.69506726457399104]	[0, 0.98044009779951102, 0.95354523227383858, 0.90220048899755501, 0.85085574572127143, 0.76528117359413206, 0.37897310513447435]	[0, 0.99012345679012348, 0.97622027534418021, 0.94736842105263153, 0.91218872870249013, 0.8470906630581867, 0.49050632911392411]
F1-REF	6	0	naive-bayes	0.001:[6,6]:0.98	k__Fungi;p__Basidiomycota;c__Microbotryomycetes;o__Microbotryomycetes_ord_Incertae_sedis;f__Chrysozymaceae;g__Hamamotoa	k__Fungi;p__Basidiomycota;c__Microbotryomycetes;o__Microbotryomycetes_ord_Incertae_sedis;f__Chrysozymaceae;g__Hamamotoa;s__Hamamotoa_lignophila	underclassification	6	[0, 1.0, 1.0, 0.99729729729729732, 0.98305084745762716, 0.94848484848484849, 0.69506726457399104]	[0, 0.98044009779951102, 0.95354523227383858, 0.90220048899755501, 0.85085574572127143, 0.76528117359413206, 0.37897310513447435]	[0, 0.99012345679012348, 0.97622027534418021, 0.94736842105263153, 0.91218872870249013, 0.8470906630581867, 0.49050632911392411]
F1-REF	6	0	naive-bayes	0.001:[6,6]:0.98	k__Fungi;p__Ascomycota;c__Pezizomycetes;o__Pezizales;f__Pezizales_fam_Incertae_sedis;g__Picoa;s__Picoa_juniperi	k__Fungi;p__Ascomycota;c__Pezizomycetes;o__Pezizales;f__Pezizales_fam_Incertae_sedis;g__Picoa;s__Picoa_juniperi	match	7	[0, 1.0, 1.0, 0.99729729729729732, 0.98305084745762716, 0.94848484848484849, 0.69506726457399104]	[0, 0.98044009779951102, 0.95354523227383858, 0.90220048899755501, 0.85085574572127143, 0.76528117359413206, 0.37897310513447435]	[0, 0.99012345679012348, 0.97622027534418021, 0.94736842105263153, 0.91218872870249013, 0.8470906630581867, 0.49050632911392411]
F1-REF	6	0	naive-bayes	0.001:[6,6]:0.98	k__Fungi;p__Ascomycota;c__Dothideomycetes;o__Hysteriales;f__Gloniaceae;g__Cenococcum	k__Fungi;p__Ascomycota;c__Dothideomycetes;o__Hysteriales;f__Gloniaceae;g__Cenococcum;s__Cenococcum_geophilum	underclassification	6	[0, 1.0, 1.0, 0.99729729729729732, 0.98305084745762716, 0.94848484848484849, 0.69506726457399104]	[0, 0.98044009779951102, 0.95354523227383858, 0.90220048899755501, 0.85085574572127143, 0.76528117359413206, 0.37897310513447435]	[0, 0.99012345679012348, 0.97622027534418021, 0.94736842105263153, 0.91218872870249013, 0.8470906630581867, 0.49050632911392411]
F1-REF	6	0	naive-bayes	0.001:[6,6]:0.98	k__Fungi;p__Basidiomycota;c__Agaricomycetes;o__Sebacinales;f__Sebacinaceae	k__Fungi;p__Basidiomycota;c__Agaricomycetes;o__Sebacinales;f__Sebacinaceae;g__Helvellosebacina;s__Helvellosebacina_sp	underclassification	5	[0, 1.0, 1.0, 0.99729729729729732, 0.98305084745762716, 0.94848484848484849, 0.69506726457399104]	[0, 0.98044009779951102, 0.95354523227383858, 0.90220048899755501, 0.85085574572127143, 0.76528117359413206, 0.37897310513447435]	[0, 0.99012345679012348, 0.97622027534418021, 0.94736842105263153, 0.91218872870249013, 0.8470906630581867, 0.49050632911392411]
F1-REF	6	0	naive-bayes	0.001:[6,6]:0.98	k__Fungi;p__Basidiomycota;c__Agaricomycetes;o__Agaricales;f__Inocybaceae;g__Inocybe	k__Fungi;p__Basidiomycota;c__Agaricomycetes;o__Agaricales;f__Inocybaceae;g__Inocybe;s__Inocybe_cryptocystis	underclassification	6	[0, 1.0, 1.0, 0.99729729729729732, 0.98305084745762716, 0.94848484848484849, 0.69506726457399104]	[0, 0.98044009779951102, 0.95354523227383858, 0.90220048899755501, 0.85085574572127143, 0.76528117359413206, 0.37897310513447435]	[0, 0.99012345679012348, 0.97622027534418021, 0.94736842105263153, 0.91218872870249013, 0.8470906630581867, 0.49050632911392411]
F1-REF	6	0	naive-bayes	0.001:[6,6]:0.98	k__Fungi;p__Glomeromycota;c__Glomeromycetes;o__Diversisporales;f__Acaulosporaceae;g__Acaulospora	k__Fungi;p__Glomeromycota;c__Glomeromycetes;o__Diversisporales;f__Acaulosporaceae;g__Acaulospora;s__Acaulospora_spinosa	underclassification	6	[0, 1.0, 1.0, 0.99729729729729732, 0.98305084745762716, 0.94848484848484849, 0.69506726457399104]	[0, 0.98044009779951102, 0.95354523227383858, 0.90220048899755501, 0.85085574572127143, 0.76528117359413206, 0.37897310513447435]	[0, 0.99012345679012348, 0.97622027534418021, 0.94736842105263153, 0.91218872870249013, 0.8470906630581867, 0.49050632911392411]
F1-REF	6	0	naive-bayes	0.001:[6,6]:0.98	k__Fungi;p__Glomeromycota;c__Glomeromycetes;o__Glomerales;f__Glomeraceae;g__Glomus;s__Glomus_macrocarpum	k__Fungi;p__Glomeromycota;c__Glomeromycetes;o__Glomerales;f__Glomeraceae;g__Glomus;s__Glomus_macrocarpum	match	7	[0, 1.0, 1.0, 0.99729729729729732, 0.98305084745762716, 0.94848484848484849, 0.69506726457399104]	[0, 0.98044009779951102, 0.95354523227383858, 0.90220048899755501, 0.85085574572127143, 0.76528117359413206, 0.37897310513447435]	[0, 0.99012345679012348, 0.97622027534418021, 0.94736842105263153, 0.91218872870249013, 0.8470906630581867, 0.49050632911392411]
F1-REF	6	0	naive-bayes	0.001:[6,6]:0.98	k__Fungi;p__Ascomycota	k__Fungi;p__Ascomycota;c__Sordariomycetes;o__Diaporthales;f__Diaporthaceae;g__Phomopsis;s__Phomopsis_sp	underclassification	2	[0, 1.0, 1.0, 0.99729729729729732, 0.98305084745762716, 0.94848484848484849, 0.69506726457399104]	[0, 0.98044009779951102, 0.95354523227383858, 0.90220048899755501, 0.85085574572127143, 0.76528117359413206, 0.37897310513447435]	[0, 0.99012345679012348, 0.97622027534418021, 0.94736842105263153, 0.91218872870249013, 0.8470906630581867, 0.49050632911392411]
F1-REF	6	0	naive-bayes	0.001:[6,6]:0.98	k__Fungi;p__Basidiomycota;c__Agaricomycetes;o__Cantharellales;f__Hydnaceae;g__Sistotrema;s__Sistotrema_confluens	k__Fungi;p__Basidiomycota;c__Agaricomycetes;o__Cantharellales;f__Hydnaceae;g__Sistotrema;s__Sistotrema_confluens	match	7	[0, 1.0, 1.0, 0.99729729729729732, 0.98305084745762716, 0.94848484848484849, 0.69506726457399104]	[0, 0.98044009779951102, 0.95354523227383858, 0.90220048899755501, 0.85085574572127143, 0.76528117359413206, 0.37897310513447435]	[0, 0.99012345679012348, 0.97622027534418021, 0.94736842105263153, 0.91218872870249013, 0.8470906630581867, 0.49050632911392411]
F1-REF	6	0	naive-bayes	0.001:[6,6]:0.98	k__Fungi;p__Ascomycota;c__Dothideomycetes;o__Capnodiales;f__Mycosphaerellaceae;g__Phaeophleospora;s__Phaeophleospora_stramenti	k__Fungi;p__Ascomycota;c__Dothideomycetes;o__Capnodiales;f__Mycosphaerellaceae;g__Mycosphaerella;s__Mycosphaerella_sp	misclassification	5	[0, 1.0, 1.0, 0.99729729729729732, 0.98305084745762716, 0.94848484848484849, 0.69506726457399104]	[0, 0.98044009779951102, 0.95354523227383858, 0.90220048899755501, 0.85085574572127143, 0.76528117359413206, 0.37897310513447435]	[0, 0.99012345679012348, 0.97622027534418021, 0.94736842105263153, 0.91218872870249013, 0.8470906630581867, 0.49050632911392411]
F1-REF	6	0	naive-bayes	0.001:[6,6]:0.98	k__Fungi;p__Ascomycota	k__Fungi;p__Ascomycota;c__Dothideomycetes;o__Pleosporales;f__Leptosphaeriaceae;g__Coniothyrium;s__Coniothyrium_sp	underclassification	2	[0, 1.0, 1.0, 0.99729729729729732, 0.98305084745762716, 0.94848484848484849, 0.69506726457399104]	[0, 0.98044009779951102, 0.95354523227383858, 0.90220048899755501, 0.85085574572127143, 0.76528117359413206, 0.37897310513447435]	[0, 0.99012345679012348, 0.97622027534418021, 0.94736842105263153, 0.91218872870249013, 0.8470906630581867, 0.49050632911392411]
F1-REF	6	0	naive-bayes	0.001:[6,6]:0.98	k__Fungi;p__Basidiomycota;c__Agaricomycetes;o__Agaricales	k__Fungi;p__Basidiomycota;c__Agaricomycetes;o__Agaricales;f__Mycenaceae;g__Mycena;s__Mycena_laevigata	underclassification	4	[0, 1.0, 1.0, 0.99729729729729732, 0.98305084745762716, 0.94848484848484849, 0.69506726457399104]	[0, 0.98044009779951102, 0.95354523227383858, 0.90220048899755501, 0.85085574572127143, 0.76528117359413206, 0.37897310513447435]	[0, 0.99012345679012348, 0.97622027534418021, 0.94736842105263153, 0.91218872870249013, 0.8470906630581867, 0.49050632911392411]
F1-REF	6	0	naive-bayes	0.001:[6,6]:0.98	k__Fungi;p__Basidiomycota;c__Agaricomycetes;o__Polyporales;f__Polyporaceae;g__Perenniporia;s__Perenniporia_medulla-panis	k__Fungi;p__Basidiomycota;c__Agaricomycetes;o__Polyporales;f__Polyporaceae;g__Perenniporia;s__Perenniporia_medulla-panis	match	7	[0, 1.0, 1.0, 0.99729729729729732, 0.98305084745762716, 0.94848484848484849, 0.69506726457399104]	[0, 0.98044009779951102, 0.95354523227383858, 0.90220048899755501, 0.85085574572127143, 0.76528117359413206, 0.37897310513447435]	[0, 0.99012345679012348, 0.97622027534418021, 0.94736842105263153, 0.91218872870249013, 0.8470906630581867, 0.49050632911392411]
F1-REF	6	0	naive-bayes	0.001:[6,6]:0.98	k__Fungi;p__Basidiomycota;c__Agaricomycetes;o__Russulales;f__Russulaceae;g__Russula;s__Russula_leguminosarum	k__Fungi;p__Basidiomycota;c__Agaricomycetes;o__Russulales;f__Russulaceae;g__Russula;s__Russula_leguminosarum	match	7	[0, 1.0, 1.0, 0.99729729729729732, 0.98305084745762716, 0.94848484848484849, 0.69506726457399104]	[0, 0.98044009779951102, 0.95354523227383858, 0.90220048899755501, 0.85085574572127143, 0.76528117359413206, 0.37897310513447435]	[0, 0.99012345679012348, 0.97622027534418021, 0.94736842105263153, 0.91218872870249013, 0.8470906630581867, 0.49050632911392411]
F1-REF	6	0	naive-bayes	0.001:[6,6]:0.98	k__Fungi;p__Basidiomycota;c__Agaricomycetes;o__Russulales;f__Russulaceae	k__Fungi;p__Basidiomycota;c__Agaricomycetes;o__Russulales;f__Russulaceae;g__Russula;s__Russula_grata	underclassification	5	[0, 1.0, 1.0, 0.99729729729729732, 0.98305084745762716, 0.94848484848484849, 0.69506726457399104]	[0, 0.98044009779951102, 0.95354523227383858, 0.90220048899755501, 0.85085574572127143, 0.76528117359413206, 0.37897310513447435]	[0, 0.99012345679012348, 0.97622027534418021, 0.94736842105263153, 0.91218872870249013, 0.8470906630581867, 0.49050632911392411]
F1-REF	6	0	naive-bayes	0.001:[6,6]:0.98	k__Fungi;p__Zygomycota;c__Mortierellomycotina_cls_Incertae_sedis;o__Mortierellales;f__Mortierellaceae;g__Mortierella;s__Mortierella_ambigua	k__Fungi;p__Zygomycota;c__Mortierellomycotina_cls_Incertae_sedis;o__Mortierellales;f__Mortierellaceae;g__Mortierella;s__Mortierella_ambigua	match	7	[0, 1.0, 1.0, 0.99729729729729732, 0.98305084745762716, 0.94848484848484849, 0.69506726457399104]	[0, 0.98044009779951102, 0.95354523227383858, 0.90220048899755501, 0.85085574572127143, 0.76528117359413206, 0.37897310513447435]	[0, 0.99012345679012348, 0.97622027534418021, 0.94736842105263153, 0.91218872870249013, 0.8470906630581867, 0.49050632911392411]
F1-REF	6	0	naive-bayes	0.001:[6,6]:0.98	k__Fungi;p__Ascomycota;c__Leotiomycetes	k__Fungi;p__Ascomycota;c__Leotiomycetes;o__Helotiales;f__Dermateaceae;g__Cryptosporiopsis;s__Cryptosporiopsis_sp	underclassification	3	[0, 1.0, 1.0, 0.99729729729729732, 0.98305084745762716, 0.94848484848484849, 0.69506726457399104]	[0, 0.98044009779951102, 0.95354523227383858, 0.90220048899755501, 0.85085574572127143, 0.76528117359413206, 0.37897310513447435]	[0, 0.99012345679012348, 0.97622027534418021, 0.94736842105263153, 0.91218872870249013, 0.8470906630581867, 0.49050632911392411]
F1-REF	6	0	naive-bayes	0.001:[6,6]:0.98	k__Fungi;p__Basidiomycota;c__Agaricomycetes;o__Polyporales;f__Phanerochaetaceae;g__Ceriporia;s__Ceriporia_purpurea	k__Fungi;p__Basidiomycota;c__Agaricomycetes;o__Polyporales;f__Phanerochaetaceae;g__Ceriporia;s__Ceriporia_purpurea	match	7	[0, 1.0, 1.0, 0.99729729729729732, 0.98305084745762716, 0.94848484848484849, 0.69506726457399104]	[0, 0.98044009779951102, 0.95354523227383858, 0.90220048899755501, 0.85085574572127143, 0.76528117359413206, 0.37897310513447435]	[0, 0.99012345679012348, 0.97622027534418021, 0.94736842105263153, 0.91218872870249013, 0.8470906630581867, 0.49050632911392411]
F1-REF	6	0	naive-bayes	0.001:[6,6]:0.98	k__Fungi;p__Ascomycota;c__Sordariomycetes;o__Hypocreales;f__Ophiocordycipitaceae;g__Polycephalomyces;s__Polycephalomyces_sp	k__Fungi;p__Ascomycota;c__Sordariomycetes;o__Hypocreales;f__Cordycipitaceae;g__Cordyceps;s__Cordyceps_sp	misclassification	4	[0, 1.0, 1.0, 0.99729729729729732, 0.98305084745762716, 0.94848484848484849, 0.69506726457399104]	[0, 0.98044009779951102, 0.95354523227383858, 0.90220048899755501, 0.85085574572127143, 0.76528117359413206, 0.37897310513447435]	[0, 0.99012345679012348, 0.97622027534418021, 0.94736842105263153, 0.91218872870249013, 0.8470906630581867, 0.49050632911392411]
F1-REF	6	0	naive-bayes	0.001:[6,6]:0.98	k__Fungi;p__Ascomycota;c__Dothideomycetes;o__Pleosporales;f__Pleosporaceae;g__Bipolaris	k__Fungi;p__Ascomycota;c__Dothideomycetes;o__Pleosporales;f__Pleosporaceae;g__Bipolaris;s__Bipolaris_maydis	underclassification	6	[0, 1.0, 1.0, 0.99729729729729732, 0.98305084745762716, 0.94848484848484849, 0.69506726457399104]	[0, 0.98044009779951102, 0.95354523227383858, 0.90220048899755501, 0.85085574572127143, 0.76528117359413206, 0.37897310513447435]	[0, 0.99012345679012348, 0.97622027534418021, 0.94736842105263153, 0.91218872870249013, 0.8470906630581867, 0.49050632911392411]
F1-REF	6	0	naive-bayes	0.001:[6,6]:0.98	k__Fungi;p__Basidiomycota;c__Agaricomycetes;o__Russulales;f__Russulaceae	k__Fungi;p__Basidiomycota;c__Agaricomycetes;o__Russulales;f__Russulaceae;g__Russula;s__Russula_pectinatoides	underclassification	5	[0, 1.0, 1.0, 0.99729729729729732, 0.98305084745762716, 0.94848484848484849, 0.69506726457399104]	[0, 0.98044009779951102, 0.95354523227383858, 0.90220048899755501, 0.85085574572127143, 0.76528117359413206, 0.37897310513447435]	[0, 0.99012345679012348, 0.97622027534418021, 0.94736842105263153, 0.91218872870249013, 0.8470906630581867, 0.49050632911392411]
F1-REF	6	0	naive-bayes	0.001:[6,6]:0.98	k__Fungi;p__Basidiomycota;c__Tremellomycetes;o__Cystofilobasidiales;f__Cystofilobasidiaceae;g__Mrakia;s__Mrakia_aquatica	k__Fungi;p__Basidiomycota;c__Tremellomycetes;o__Cystofilobasidiales;f__Cystofilobasidiaceae;g__Mrakia;s__Mrakia_aquatica	match	7	[0, 1.0, 1.0, 0.99729729729729732, 0.98305084745762716, 0.94848484848484849, 0.69506726457399104]	[0, 0.98044009779951102, 0.95354523227383858, 0.90220048899755501, 0.85085574572127143, 0.76528117359413206, 0.37897310513447435]	[0, 0.99012345679012348, 0.97622027534418021, 0.94736842105263153, 0.91218872870249013, 0.8470906630581867, 0.49050632911392411]
F1-REF	6	0	naive-bayes	0.001:[6,6]:0.98	k__Fungi	k__Fungi;p__Basidiomycota;c__Agaricomycetes;o__Polyporales;f__Polyporaceae;g__Favolus;s__Favolus_tenuiculus	underclassification	1	[0, 1.0, 1.0, 0.99729729729729732, 0.98305084745762716, 0.94848484848484849, 0.69506726457399104]	[0, 0.98044009779951102, 0.95354523227383858, 0.90220048899755501, 0.85085574572127143, 0.76528117359413206, 0.37897310513447435]	[0, 0.99012345679012348, 0.97622027534418021, 0.94736842105263153, 0.91218872870249013, 0.8470906630581867, 0.49050632911392411]
F1-REF	6	0	naive-bayes	0.001:[6,6]:0.98	k__Fungi;p__Ascomycota;c__Leotiomycetes;o__Helotiales;f__Helotiales_fam_Incertae_sedis;g__Clathrosporium;s__Clathrosporium_intricatum	k__Fungi;p__Ascomycota;c__Leotiomycetes;o__Helotiales;f__Helotiales_fam_Incertae_sedis;g__Clathrosporium;s__Clathrosporium_intricatum	match	7	[0, 1.0, 1.0, 0.99729729729729732, 0.98305084745762716, 0.94848484848484849, 0.69506726457399104]	[0, 0.98044009779951102, 0.95354523227383858, 0.90220048899755501, 0.85085574572127143, 0.76528117359413206, 0.37897310513447435]	[0, 0.99012345679012348, 0.97622027534418021, 0.94736842105263153, 0.91218872870249013, 0.8470906630581867, 0.49050632911392411]
F1-REF	6	0	naive-bayes	0.001:[6,6]:0.98	k__Fungi;p__Basidiomycota;c__Agaricomycetes;o__Boletales;f__Boletaceae;g__Octaviania;s__Octaviania_nonae	k__Fungi;p__Basidiomycota;c__Agaricomycetes;o__Boletales;f__Boletaceae;g__Octaviania;s__Octaviania_nonae	match	7	[0, 1.0, 1.0, 0.99729729729729732, 0.98305084745762716, 0.94848484848484849, 0.69506726457399104]	[0, 0.98044009779951102, 0.95354523227383858, 0.90220048899755501, 0.85085574572127143, 0.76528117359413206, 0.37897310513447435]	[0, 0.99012345679012348, 0.97622027534418021, 0.94736842105263153, 0.91218872870249013, 0.8470906630581867, 0.49050632911392411]
F1-REF	6	0	naive-bayes	0.001:[6,6]:0.98	k__Fungi;p__Ascomycota;c__Sordariomycetes;o__Hypocreales;f__Nectriaceae;g__Aquanectria;s__Aquanectria_penicillioides	k__Fungi;p__Ascomycota;c__Sordariomycetes;o__Hypocreales;f__Nectriaceae;g__Aquanectria;s__Aquanectria_penicillioides	match	7	[0, 1.0, 1.0, 0.99729729729729732, 0.98305084745762716, 0.94848484848484849, 0.69506726457399104]	[0, 0.98044009779951102, 0.95354523227383858, 0.90220048899755501, 0.85085574572127143, 0.76528117359413206, 0.37897310513447435]	[0, 0.99012345679012348, 0.97622027534418021, 0.94736842105263153, 0.91218872870249013, 0.8470906630581867, 0.49050632911392411]
F1-REF	6	0	naive-bayes	0.001:[6,6]:0.98	k__Fungi;p__Ascomycota;c__Sordariomycetes;o__Hypocreales	k__Fungi;p__Ascomycota;c__Sordariomycetes;o__Hypocreales;f__Hypocreales_fam_Incertae_sedis;g__Ilyonectria;s__Ilyonectria_destructans	underclassification	4	[0, 1.0, 1.0, 0.99729729729729732, 0.98305084745762716, 0.94848484848484849, 0.69506726457399104]	[0, 0.98044009779951102, 0.95354523227383858, 0.90220048899755501, 0.85085574572127143, 0.76528117359413206, 0.37897310513447435]	[0, 0.99012345679012348, 0.97622027534418021, 0.94736842105263153, 0.91218872870249013, 0.8470906630581867, 0.49050632911392411]
F1-REF	6	0	naive-bayes	0.001:[6,6]:0.98	k__Fungi;p__Basidiomycota;c__Tremellomycetes;o__Tremellales;f__Tremellales_fam_Incertae_sedis;g__Biatoropsis;s__Biatoropsis_usnearum	k__Fungi;p__Basidiomycota;c__Tremellomycetes;o__Tremellales;f__Tremellales_fam_Incertae_sedis;g__Biatoropsis;s__Biatoropsis_usnearum	match	7	[0, 1.0, 1.0, 0.99729729729729732, 0.98305084745762716, 0.94848484848484849, 0.69506726457399104]	[0, 0.98044009779951102, 0.95354523227383858, 0.90220048899755501, 0.85085574572127143, 0.76528117359413206, 0.37897310513447435]	[0, 0.99012345679012348, 0.97622027534418021, 0.94736842105263153, 0.91218872870249013, 0.8470906630581867, 0.49050632911392411]
F1-REF	6	0	naive-bayes	0.001:[6,6]:0.98	k__Fungi;p__Ascomycota;c__Sordariomycetes;o__Xylariales;f__Xylariales_fam_Incertae_sedis;g__Microdochium;s__Microdochium_sp	k__Fungi;p__Ascomycota;c__Sordariomycetes;o__Xylariales;f__Xylariales_fam_Incertae_sedis;g__Microdochium;s__Microdochium_sp	match	7	[0, 1.0, 1.0, 0.99729729729729732, 0.98305084745762716, 0.94848484848484849, 0.69506726457399104]	[0, 0.98044009779951102, 0.95354523227383858, 0.90220048899755501, 0.85085574572127143, 0.76528117359413206, 0.37897310513447435]	[0, 0.99012345679012348, 0.97622027534418021, 0.94736842105263153, 0.91218872870249013, 0.8470906630581867, 0.49050632911392411]
F1-REF	6	0	naive-bayes	0.001:[6,6]:0.98	k__Fungi;p__Ascomycota	k__Fungi;p__Ascomycota;c__Dothideomycetes;o__Pleosporales;f__Sporormiaceae;g__Preussia;s__Preussia_sp	underclassification	2	[0, 1.0, 1.0, 0.99729729729729732, 0.98305084745762716, 0.94848484848484849, 0.69506726457399104]	[0, 0.98044009779951102, 0.95354523227383858, 0.90220048899755501, 0.85085574572127143, 0.76528117359413206, 0.37897310513447435]	[0, 0.99012345679012348, 0.97622027534418021, 0.94736842105263153, 0.91218872870249013, 0.8470906630581867, 0.49050632911392411]
F1-REF	6	0	naive-bayes	0.001:[6,6]:0.98	k__Fungi;p__Ascomycota;c__Pneumocystidomycetes;o__Pneumocystidales;f__Pneumocystidaceae;g__Pneumocystis;s__Pneumocystis_jirovecii	k__Fungi;p__Ascomycota;c__Pneumocystidomycetes;o__Pneumocystidales;f__Pneumocystidaceae;g__Pneumocystis;s__Pneumocystis_jirovecii	match	7	[0, 1.0, 1.0, 0.99729729729729732, 0.98305084745762716, 0.94848484848484849, 0.69506726457399104]	[0, 0.98044009779951102, 0.95354523227383858, 0.90220048899755501, 0.85085574572127143, 0.76528117359413206, 0.37897310513447435]	[0, 0.99012345679012348, 0.97622027534418021, 0.94736842105263153, 0.91218872870249013, 0.8470906630581867, 0.49050632911392411]
F1-REF	6	0	naive-bayes	0.001:[6,6]:0.98	k__Fungi;p__Ascomycota;c__Lecanoromycetes;o__Peltigerales;f__Lobariaceae;g__Sticta;s__Sticta_neopulmonarioides	k__Fungi;p__Ascomycota;c__Lecanoromycetes;o__Peltigerales;f__Lobariaceae;g__Sticta;s__Sticta_neopulmonarioides	match	7	[0, 1.0, 1.0, 0.99729729729729732, 0.98305084745762716, 0.94848484848484849, 0.69506726457399104]	[0, 0.98044009779951102, 0.95354523227383858, 0.90220048899755501, 0.85085574572127143, 0.76528117359413206, 0.37897310513447435]	[0, 0.99012345679012348, 0.97622027534418021, 0.94736842105263153, 0.91218872870249013, 0.8470906630581867, 0.49050632911392411]
F1-REF	6	0	naive-bayes	0.001:[6,6]:0.98	k__Fungi;p__Basidiomycota;c__Tremellomycetes;o__Tremellales;f__Tremellales_fam_Incertae_sedis;g__Cryptococcus	k__Fungi;p__Basidiomycota;c__Tremellomycetes;o__Tremellales;f__Tremellales_fam_Incertae_sedis;g__Tremella;s__Tremella_sp	misclassification	5	[0, 1.0, 1.0, 0.99729729729729732, 0.98305084745762716, 0.94848484848484849, 0.69506726457399104]	[0, 0.98044009779951102, 0.95354523227383858, 0.90220048899755501, 0.85085574572127143, 0.76528117359413206, 0.37897310513447435]	[0, 0.99012345679012348, 0.97622027534418021, 0.94736842105263153, 0.91218872870249013, 0.8470906630581867, 0.49050632911392411]
F1-REF	6	0	naive-bayes	0.001:[6,6]:0.98	k__Fungi;p__Ascomycota;c__Pezizomycetes;o__Pezizales;f__Pezizales_fam_Incertae_sedis;g__Picoa;s__Picoa_juniperi	k__Fungi;p__Ascomycota;c__Pezizomycetes;o__Pezizales;f__Pezizales_fam_Incertae_sedis;g__Picoa;s__Picoa_lefebvrei	misclassification	6	[0, 1.0, 1.0, 0.99729729729729732, 0.98305084745762716, 0.94848484848484849, 0.69506726457399104]	[0, 0.98044009779951102, 0.95354523227383858, 0.90220048899755501, 0.85085574572127143, 0.76528117359413206, 0.37897310513447435]	[0, 0.99012345679012348, 0.97622027534418021, 0.94736842105263153, 0.91218872870249013, 0.8470906630581867, 0.49050632911392411]
F1-REF	6	0	naive-bayes	0.001:[6,6]:0.98	k__Fungi;p__Basidiomycota;c__Agaricomycetes;o__Agaricales;f__Amanitaceae;g__Amanita	k__Fungi;p__Basidiomycota;c__Agaricomycetes;o__Agaricales;f__Amanitaceae;g__Amanita;s__Amanita_hemibapha	underclassification	6	[0, 1.0, 1.0, 0.99729729729729732, 0.98305084745762716, 0.94848484848484849, 0.69506726457399104]	[0, 0.98044009779951102, 0.95354523227383858, 0.90220048899755501, 0.85085574572127143, 0.76528117359413206, 0.37897310513447435]	[0, 0.99012345679012348, 0.97622027534418021, 0.94736842105263153, 0.91218872870249013, 0.8470906630581867, 0.49050632911392411]
F1-REF	6	0	naive-bayes	0.001:[6,6]:0.98	k__Fungi;p__Ascomycota;c__Eurotiomycetes;o__Eurotiales;f__Trichocomaceae;g__Talaromyces;s__Talaromyces_minioluteus	k__Fungi;p__Ascomycota;c__Eurotiomycetes;o__Eurotiales;f__Trichocomaceae;g__Talaromyces;s__Talaromyces_minioluteus	match	7	[0, 1.0, 1.0, 0.99729729729729732, 0.98305084745762716, 0.94848484848484849, 0.69506726457399104]	[0, 0.98044009779951102, 0.95354523227383858, 0.90220048899755501, 0.85085574572127143, 0.76528117359413206, 0.37897310513447435]	[0, 0.99012345679012348, 0.97622027534418021, 0.94736842105263153, 0.91218872870249013, 0.8470906630581867, 0.49050632911392411]
F1-REF	6	0	naive-bayes	0.001:[6,6]:0.98	k__Fungi;p__Ascomycota;c__Sordariomycetes;o__Hypocreales;f__Cordycipitaceae;g__Lecanicillium;s__Lecanicillium_primulinum	k__Fungi;p__Ascomycota;c__Sordariomycetes;o__Hypocreales;f__Cordycipitaceae;g__Lecanicillium;s__Lecanicillium_sp	misclassification	6	[0, 1.0, 1.0, 0.99729729729729732, 0.98305084745762716, 0.94848484848484849, 0.69506726457399104]	[0, 0.98044009779951102, 0.95354523227383858, 0.90220048899755501, 0.85085574572127143, 0.76528117359413206, 0.37897310513447435]	[0, 0.99012345679012348, 0.97622027534418021, 0.94736842105263153, 0.91218872870249013, 0.8470906630581867, 0.49050632911392411]
F1-REF	6	0	naive-bayes	0.001:[6,6]:0.98	k__Fungi;p__Ascomycota;c__Leotiomycetes;o__Helotiales;f__Vibrisseaceae;g__Phialocephala;s__Phialocephala_sp	k__Fungi;p__Ascomycota;c__Leotiomycetes;o__Helotiales;f__Dermateaceae;g__Mollisia;s__Mollisia_cinerea	misclassification	4	[0, 1.0, 1.0, 0.99729729729729732, 0.98305084745762716, 0.94848484848484849, 0.69506726457399104]	[0, 0.98044009779951102, 0.95354523227383858, 0.90220048899755501, 0.85085574572127143, 0.76528117359413206, 0.37897310513447435]	[0, 0.99012345679012348, 0.97622027534418021, 0.94736842105263153, 0.91218872870249013, 0.8470906630581867, 0.49050632911392411]
F1-REF	6	0	naive-bayes	0.001:[6,6]:0.98	k__Fungi;p__Basidiomycota;c__Ustilaginomycotina_cls_Incertae_sedis;o__Malasseziales;f__Malasseziaceae;g__Malassezia;s__Malassezia_furfur	k__Fungi;p__Basidiomycota;c__Ustilaginomycotina_cls_Incertae_sedis;o__Malasseziales;f__Malasseziaceae;g__Malassezia;s__Malassezia_furfur	match	7	[0, 1.0, 1.0, 0.99729729729729732, 0.98305084745762716, 0.94848484848484849, 0.69506726457399104]	[0, 0.98044009779951102, 0.95354523227383858, 0.90220048899755501, 0.85085574572127143, 0.76528117359413206, 0.37897310513447435]	[0, 0.99012345679012348, 0.97622027534418021, 0.94736842105263153, 0.91218872870249013, 0.8470906630581867, 0.49050632911392411]
F1-REF	6	0	naive-bayes	0.001:[6,6]:0.98	k__Fungi;p__Ascomycota;c__Sordariomycetes;o__Xylariales;f__Xylariaceae;g__Xylaria;s__Xylaria_hypoxylon	k__Fungi;p__Ascomycota;c__Sordariomycetes;o__Xylariales;f__Xylariaceae;g__Xylaria;s__Xylaria_hypoxylon	match	7	[0, 1.0, 1.0, 0.99729729729729732, 0.98305084745762716, 0.94848484848484849, 0.69506726457399104]	[0, 0.98044009779951102, 0.95354523227383858, 0.90220048899755501, 0.85085574572127143, 0.76528117359413206, 0.37897310513447435]	[0, 0.99012345679012348, 0.97622027534418021, 0.94736842105263153, 0.91218872870249013, 0.8470906630581867, 0.49050632911392411]
F1-REF	6	0	naive-bayes	0.001:[6,6]:0.98	k__Fungi;p__Ascomycota;c__Lecanoromycetes;o__Lecanorales;f__Parmeliaceae;g__Cetraria;s__Cetraria_odontella	k__Fungi;p__Ascomycota;c__Lecanoromycetes;o__Lecanorales;f__Parmeliaceae;g__Cetraria;s__Cetraria_aculeata	misclassification	6	[0, 1.0, 1.0, 0.99729729729729732, 0.98305084745762716, 0.94848484848484849, 0.69506726457399104]	[0, 0.98044009779951102, 0.95354523227383858, 0.90220048899755501, 0.85085574572127143, 0.76528117359413206, 0.37897310513447435]	[0, 0.99012345679012348, 0.97622027534418021, 0.94736842105263153, 0.91218872870249013, 0.8470906630581867, 0.49050632911392411]
F1-REF	6	0	naive-bayes	0.001:[6,6]:0.98	k__Fungi;p__Ascomycota;c__Lecanoromycetes;o__Lecanorales;f__Parmeliaceae;g__Vulpicida;s__Vulpicida_juniperinus	k__Fungi;p__Ascomycota;c__Lecanoromycetes;o__Lecanorales;f__Parmeliaceae;g__Vulpicida;s__Vulpicida_juniperinus	match	7	[0, 1.0, 1.0, 0.99729729729729732, 0.98305084745762716, 0.94848484848484849, 0.69506726457399104]	[0, 0.98044009779951102, 0.95354523227383858, 0.90220048899755501, 0.85085574572127143, 0.76528117359413206, 0.37897310513447435]	[0, 0.99012345679012348, 0.97622027534418021, 0.94736842105263153, 0.91218872870249013, 0.8470906630581867, 0.49050632911392411]
F1-REF	6	0	naive-bayes	0.001:[6,6]:0.98	k__Fungi;p__Basidiomycota;c__Pucciniomycetes;o__Pucciniales;f__Uropyxidaceae;g__Tranzschelia;s__Tranzschelia_sp	k__Fungi;p__Basidiomycota;c__Pucciniomycetes;o__Pucciniales;f__Uropyxidaceae;g__Tranzschelia;s__Tranzschelia_anemones	misclassification	6	[0, 1.0, 1.0, 0.99729729729729732, 0.98305084745762716, 0.94848484848484849, 0.69506726457399104]	[0, 0.98044009779951102, 0.95354523227383858, 0.90220048899755501, 0.85085574572127143, 0.76528117359413206, 0.37897310513447435]	[0, 0.99012345679012348, 0.97622027534418021, 0.94736842105263153, 0.91218872870249013, 0.8470906630581867, 0.49050632911392411]
F1-REF	6	0	naive-bayes	0.001:[6,6]:0.98	k__Fungi;p__Ascomycota;c__Dothideomycetes;o__Capnodiales;f__Mycosphaerellaceae	k__Fungi;p__Ascomycota;c__Dothideomycetes;o__Capnodiales;f__Mycosphaerellaceae;g__Pseudocercospora;s__Pseudocercospora_sp	underclassification	5	[0, 1.0, 1.0, 0.99729729729729732, 0.98305084745762716, 0.94848484848484849, 0.69506726457399104]	[0, 0.98044009779951102, 0.95354523227383858, 0.90220048899755501, 0.85085574572127143, 0.76528117359413206, 0.37897310513447435]	[0, 0.99012345679012348, 0.97622027534418021, 0.94736842105263153, 0.91218872870249013, 0.8470906630581867, 0.49050632911392411]
F1-REF	6	0	naive-bayes	0.001:[6,6]:0.98	k__Fungi;p__Basidiomycota;c__Tremellomycetes;o__Tremellales;f__Tremellales_fam_Incertae_sedis;g__Naganishia	k__Fungi;p__Basidiomycota;c__Tremellomycetes;o__Tremellales;f__Tremellales_fam_Incertae_sedis;g__Naganishia;s__Naganishia_diffluens	underclassification	6	[0, 1.0, 1.0, 0.99729729729729732, 0.98305084745762716, 0.94848484848484849, 0.69506726457399104]	[0, 0.98044009779951102, 0.95354523227383858, 0.90220048899755501, 0.85085574572127143, 0.76528117359413206, 0.37897310513447435]	[0, 0.99012345679012348, 0.97622027534418021, 0.94736842105263153, 0.91218872870249013, 0.8470906630581867, 0.49050632911392411]
F1-REF	6	0	naive-bayes	0.001:[6,6]:0.98	k__Fungi;p__Basidiomycota;c__Tremellomycetes;o__Tremellales;f__Tremellales_fam_Incertae_sedis;g__Naganishia	k__Fungi;p__Basidiomycota;c__Tremellomycetes;o__Tremellales;f__Tremellales_fam_Incertae_sedis;g__Naganishia;s__Naganishia_albidosimilis	underclassification	6	[0, 1.0, 1.0, 0.99729729729729732, 0.98305084745762716, 0.94848484848484849, 0.69506726457399104]	[0, 0.98044009779951102, 0.95354523227383858, 0.90220048899755501, 0.85085574572127143, 0.76528117359413206, 0.37897310513447435]	[0, 0.99012345679012348, 0.97622027534418021, 0.94736842105263153, 0.91218872870249013, 0.8470906630581867, 0.49050632911392411]
F1-REF	6	0	naive-bayes	0.001:[6,6]:0.98	k__Fungi;p__Basidiomycota;c__Cystobasidiomycetes;o__Cystobasidiomycetes_ord_Incertae_sedis;f__Microsporomycetaceae;g__Microsporomyces;s__Microsporomyces_pini	k__Fungi;p__Basidiomycota;c__Cystobasidiomycetes;o__Cystobasidiomycetes_ord_Incertae_sedis;f__Microsporomycetaceae;g__Microsporomyces;s__Microsporomyces_pini	match	7	[0, 1.0, 1.0, 0.99729729729729732, 0.98305084745762716, 0.94848484848484849, 0.69506726457399104]	[0, 0.98044009779951102, 0.95354523227383858, 0.90220048899755501, 0.85085574572127143, 0.76528117359413206, 0.37897310513447435]	[0, 0.99012345679012348, 0.97622027534418021, 0.94736842105263153, 0.91218872870249013, 0.8470906630581867, 0.49050632911392411]
F1-REF	6	0	naive-bayes	0.001:[6,6]:0.98	k__Fungi;p__Ascomycota;c__Lecanoromycetes;o__Lecanorales;f__Parmeliaceae;g__Dolichousnea	k__Fungi;p__Ascomycota;c__Lecanoromycetes;o__Lecanorales;f__Parmeliaceae;g__Dolichousnea;s__Dolichousnea_longissima	underclassification	6	[0, 1.0, 1.0, 0.99729729729729732, 0.98305084745762716, 0.94848484848484849, 0.69506726457399104]	[0, 0.98044009779951102, 0.95354523227383858, 0.90220048899755501, 0.85085574572127143, 0.76528117359413206, 0.37897310513447435]	[0, 0.99012345679012348, 0.97622027534418021, 0.94736842105263153, 0.91218872870249013, 0.8470906630581867, 0.49050632911392411]
F1-REF	6	0	naive-bayes	0.001:[6,6]:0.98	k__Fungi	k__Fungi;p__Ascomycota;c__Pezizomycetes;o__Pezizales;f__Pezizaceae;g__Ruhlandiella;s__Ruhlandiella_sp	underclassification	1	[0, 1.0, 1.0, 0.99729729729729732, 0.98305084745762716, 0.94848484848484849, 0.69506726457399104]	[0, 0.98044009779951102, 0.95354523227383858, 0.90220048899755501, 0.85085574572127143, 0.76528117359413206, 0.37897310513447435]	[0, 0.99012345679012348, 0.97622027534418021, 0.94736842105263153, 0.91218872870249013, 0.8470906630581867, 0.49050632911392411]
F1-REF	6	0	naive-bayes	0.001:[6,6]:0.98	k__Fungi;p__Ascomycota;c__Sordariomycetes;o__Hypocreales;f__Bionectriaceae;g__Stephanonectria	k__Fungi;p__Ascomycota;c__Sordariomycetes;o__Hypocreales;f__Bionectriaceae;g__Stephanonectria;s__Stephanonectria_keithii	underclassification	6	[0, 1.0, 1.0, 0.99729729729729732, 0.98305084745762716, 0.94848484848484849, 0.69506726457399104]	[0, 0.98044009779951102, 0.95354523227383858, 0.90220048899755501, 0.85085574572127143, 0.76528117359413206, 0.37897310513447435]	[0, 0.99012345679012348, 0.97622027534418021, 0.94736842105263153, 0.91218872870249013, 0.8470906630581867, 0.49050632911392411]
F1-REF	6	0	naive-bayes	0.001:[6,6]:0.98	k__Fungi;p__Ascomycota;c__Lecanoromycetes;o__Lecanorales;f__Parmeliaceae;g__Parmotrema;s__Parmotrema_austrosinense	k__Fungi;p__Ascomycota;c__Lecanoromycetes;o__Lecanorales;f__Parmeliaceae;g__Parmotrema;s__Parmotrema_tinctorum	misclassification	6	[0, 1.0, 1.0, 0.99729729729729732, 0.98305084745762716, 0.94848484848484849, 0.69506726457399104]	[0, 0.98044009779951102, 0.95354523227383858, 0.90220048899755501, 0.85085574572127143, 0.76528117359413206, 0.37897310513447435]	[0, 0.99012345679012348, 0.97622027534418021, 0.94736842105263153, 0.91218872870249013, 0.8470906630581867, 0.49050632911392411]
F1-REF	6	0	naive-bayes	0.001:[6,6]:0.98	k__Fungi;p__Ascomycota;c__Lecanoromycetes;o__Lecanorales;f__Parmeliaceae	k__Fungi;p__Ascomycota;c__Lecanoromycetes;o__Lecanorales;f__Parmeliaceae;g__Pseudevernia;s__Pseudevernia_furfuracea	underclassification	5	[0, 1.0, 1.0, 0.99729729729729732, 0.98305084745762716, 0.94848484848484849, 0.69506726457399104]	[0, 0.98044009779951102, 0.95354523227383858, 0.90220048899755501, 0.85085574572127143, 0.76528117359413206, 0.37897310513447435]	[0, 0.99012345679012348, 0.97622027534418021, 0.94736842105263153, 0.91218872870249013, 0.8470906630581867, 0.49050632911392411]
F1-REF	6	0	naive-bayes	0.001:[6,6]:0.98	k__Fungi;p__Ascomycota;c__Lecanoromycetes;o__Lecanorales;f__Parmeliaceae;g__Parmotrema	k__Fungi;p__Ascomycota;c__Lecanoromycetes;o__Lecanorales;f__Parmeliaceae;g__Parmotrema;s__Parmotrema_reticulatum	underclassification	6	[0, 1.0, 1.0, 0.99729729729729732, 0.98305084745762716, 0.94848484848484849, 0.69506726457399104]	[0, 0.98044009779951102, 0.95354523227383858, 0.90220048899755501, 0.85085574572127143, 0.76528117359413206, 0.37897310513447435]	[0, 0.99012345679012348, 0.97622027534418021, 0.94736842105263153, 0.91218872870249013, 0.8470906630581867, 0.49050632911392411]
F1-REF	6	0	naive-bayes	0.001:[6,6]:0.98	k__Fungi;p__Basidiomycota;c__Agaricomycetes	k__Fungi;p__Basidiomycota;c__Agaricomycetes;o__Hymenochaetales;f__Schizoporaceae;g__Xylodon;s__Xylodon_radula	underclassification	3	[0, 1.0, 1.0, 0.99729729729729732, 0.98305084745762716, 0.94848484848484849, 0.69506726457399104]	[0, 0.98044009779951102, 0.95354523227383858, 0.90220048899755501, 0.85085574572127143, 0.76528117359413206, 0.37897310513447435]	[0, 0.99012345679012348, 0.97622027534418021, 0.94736842105263153, 0.91218872870249013, 0.8470906630581867, 0.49050632911392411]
F1-REF	6	0	naive-bayes	0.001:[6,6]:0.98	k__Fungi;p__Ascomycota;c__Dothideomycetes;o__Pleosporales;f__Pleosporales_fam_Incertae_sedis;g__Paraphoma;s__Paraphoma_chrysanthemicola	k__Fungi;p__Ascomycota;c__Dothideomycetes;o__Pleosporales;f__Pleosporales_fam_Incertae_sedis;g__Paraphoma;s__Paraphoma_sp	misclassification	6	[0, 1.0, 1.0, 0.99729729729729732, 0.98305084745762716, 0.94848484848484849, 0.69506726457399104]	[0, 0.98044009779951102, 0.95354523227383858, 0.90220048899755501, 0.85085574572127143, 0.76528117359413206, 0.37897310513447435]	[0, 0.99012345679012348, 0.97622027534418021, 0.94736842105263153, 0.91218872870249013, 0.8470906630581867, 0.49050632911392411]
F1-REF	6	0	naive-bayes	0.001:[6,6]:0.98	k__Fungi;p__Basidiomycota;c__Agaricomycetes;o__Atheliales;f__Atheliaceae;g__Piloderma	k__Fungi;p__Basidiomycota;c__Agaricomycetes;o__Atheliales;f__Atheliaceae;g__Piloderma;s__Piloderma_byssinum	underclassification	6	[0, 1.0, 1.0, 0.99729729729729732, 0.98305084745762716, 0.94848484848484849, 0.69506726457399104]	[0, 0.98044009779951102, 0.95354523227383858, 0.90220048899755501, 0.85085574572127143, 0.76528117359413206, 0.37897310513447435]	[0, 0.99012345679012348, 0.97622027534418021, 0.94736842105263153, 0.91218872870249013, 0.8470906630581867, 0.49050632911392411]
F1-REF	6	0	naive-bayes	0.001:[6,6]:0.98	k__Fungi;p__Ascomycota;c__Saccharomycetes;o__Saccharomycetales	k__Fungi;p__Ascomycota;c__Saccharomycetes;o__Saccharomycetales;f__Saccharomycetales_fam_Incertae_sedis;g__Candida;s__Candida_quercitrusa	underclassification	4	[0, 1.0, 1.0, 0.99729729729729732, 0.98305084745762716, 0.94848484848484849, 0.69506726457399104]	[0, 0.98044009779951102, 0.95354523227383858, 0.90220048899755501, 0.85085574572127143, 0.76528117359413206, 0.37897310513447435]	[0, 0.99012345679012348, 0.97622027534418021, 0.94736842105263153, 0.91218872870249013, 0.8470906630581867, 0.49050632911392411]
F1-REF	6	0	naive-bayes	0.001:[6,6]:0.98	k__Fungi;p__Glomeromycota;c__Glomeromycetes;o__Glomerales;f__Claroideoglomeraceae;g__Claroideoglomus;s__Claroideoglomus_etunicatum	k__Fungi;p__Glomeromycota;c__Glomeromycetes;o__Glomerales;f__Claroideoglomeraceae;g__Claroideoglomus;s__Claroideoglomus_etunicatum	match	7	[0, 1.0, 1.0, 0.99729729729729732, 0.98305084745762716, 0.94848484848484849, 0.69506726457399104]	[0, 0.98044009779951102, 0.95354523227383858, 0.90220048899755501, 0.85085574572127143, 0.76528117359413206, 0.37897310513447435]	[0, 0.99012345679012348, 0.97622027534418021, 0.94736842105263153, 0.91218872870249013, 0.8470906630581867, 0.49050632911392411]
F1-REF	6	0	naive-bayes	0.001:[6,6]:0.98	k__Fungi;p__Glomeromycota;c__Glomeromycetes;o__Glomerales;f__Claroideoglomeraceae;g__Claroideoglomus;s__Claroideoglomus_sp	k__Fungi;p__Glomeromycota;c__Glomeromycetes;o__Glomerales;f__Claroideoglomeraceae;g__Claroideoglomus;s__Claroideoglomus_claroideum	misclassification	6	[0, 1.0, 1.0, 0.99729729729729732, 0.98305084745762716, 0.94848484848484849, 0.69506726457399104]	[0, 0.98044009779951102, 0.95354523227383858, 0.90220048899755501, 0.85085574572127143, 0.76528117359413206, 0.37897310513447435]	[0, 0.99012345679012348, 0.97622027534418021, 0.94736842105263153, 0.91218872870249013, 0.8470906630581867, 0.49050632911392411]
F1-REF	6	0	naive-bayes	0.001:[6,6]:0.98	k__Fungi;p__Basidiomycota;c__Agaricomycetes;o__Agaricales;f__Omphalotaceae;g__Rhodocollybia;s__Rhodocollybia_butyracea	k__Fungi;p__Basidiomycota;c__Agaricomycetes;o__Agaricales;f__Omphalotaceae;g__Rhodocollybia;s__Rhodocollybia_butyracea	match	7	[0, 1.0, 1.0, 0.99729729729729732, 0.98305084745762716, 0.94848484848484849, 0.69506726457399104]	[0, 0.98044009779951102, 0.95354523227383858, 0.90220048899755501, 0.85085574572127143, 0.76528117359413206, 0.37897310513447435]	[0, 0.99012345679012348, 0.97622027534418021, 0.94736842105263153, 0.91218872870249013, 0.8470906630581867, 0.49050632911392411]
F1-REF	6	0	naive-bayes	0.001:[6,6]:0.98	k__Fungi;p__Ascomycota;c__Lecanoromycetes	k__Fungi;p__Ascomycota;c__Lecanoromycetes;o__Lecanorales;f__Psoraceae;g__Psora;s__Psora_globifera	underclassification	3	[0, 1.0, 1.0, 0.99729729729729732, 0.98305084745762716, 0.94848484848484849, 0.69506726457399104]	[0, 0.98044009779951102, 0.95354523227383858, 0.90220048899755501, 0.85085574572127143, 0.76528117359413206, 0.37897310513447435]	[0, 0.99012345679012348, 0.97622027534418021, 0.94736842105263153, 0.91218872870249013, 0.8470906630581867, 0.49050632911392411]
F1-REF	6	0	naive-bayes	0.001:[6,6]:0.98	k__Fungi;p__Basidiomycota;c__Agaricomycetes;o__Boletales;f__Boletaceae;g__Xerocomellus;s__Xerocomellus_sarnarii	k__Fungi;p__Basidiomycota;c__Agaricomycetes;o__Boletales;f__Boletaceae;g__Xerocomellus;s__Xerocomellus_chrysenteron	misclassification	6	[0, 1.0, 1.0, 0.99729729729729732, 0.98305084745762716, 0.94848484848484849, 0.69506726457399104]	[0, 0.98044009779951102, 0.95354523227383858, 0.90220048899755501, 0.85085574572127143, 0.76528117359413206, 0.37897310513447435]	[0, 0.99012345679012348, 0.97622027534418021, 0.94736842105263153, 0.91218872870249013, 0.8470906630581867, 0.49050632911392411]
F1-REF	6	0	naive-bayes	0.001:[6,6]:0.98	k__Fungi;p__Neocallimastigomycota;c__Neocallimastigomycetes;o__Neocallimastigales;f__Neocallimastigaceae;g__Neocallimastix;s__Neocallimastix_sp	k__Fungi;p__Neocallimastigomycota;c__Neocallimastigomycetes;o__Neocallimastigales;f__Neocallimastigaceae;g__Neocallimastix;s__Neocallimastix_sp	match	7	[0, 1.0, 1.0, 0.99729729729729732, 0.98305084745762716, 0.94848484848484849, 0.69506726457399104]	[0, 0.98044009779951102, 0.95354523227383858, 0.90220048899755501, 0.85085574572127143, 0.76528117359413206, 0.37897310513447435]	[0, 0.99012345679012348, 0.97622027534418021, 0.94736842105263153, 0.91218872870249013, 0.8470906630581867, 0.49050632911392411]
F1-REF	6	0	naive-bayes	0.001:[6,6]:0.98	k__Fungi;p__Ascomycota;c__Pezizomycetes;o__Pezizales;f__Helvellaceae;g__Balsamia;s__Balsamia_platyspora	k__Fungi;p__Ascomycota;c__Pezizomycetes;o__Pezizales;f__Helvellaceae;g__Balsamia;s__Balsamia_platyspora	match	7	[0, 1.0, 1.0, 0.99729729729729732, 0.98305084745762716, 0.94848484848484849, 0.69506726457399104]	[0, 0.98044009779951102, 0.95354523227383858, 0.90220048899755501, 0.85085574572127143, 0.76528117359413206, 0.37897310513447435]	[0, 0.99012345679012348, 0.97622027534418021, 0.94736842105263153, 0.91218872870249013, 0.8470906630581867, 0.49050632911392411]
F1-REF	6	0	naive-bayes	0.001:[6,6]:0.98	k__Fungi;p__Ascomycota;c__Saccharomycetes;o__Saccharomycetales;f__Saccharomycetaceae;g__Zygosaccharomyces;s__Zygosaccharomyces_siamensis	k__Fungi;p__Ascomycota;c__Saccharomycetes;o__Saccharomycetales;f__Saccharomycetaceae;g__Zygosaccharomyces;s__Zygosaccharomyces_mellis	misclassification	6	[0, 1.0, 1.0, 0.99729729729729732, 0.98305084745762716, 0.94848484848484849, 0.69506726457399104]	[0, 0.98044009779951102, 0.95354523227383858, 0.90220048899755501, 0.85085574572127143, 0.76528117359413206, 0.37897310513447435]	[0, 0.99012345679012348, 0.97622027534418021, 0.94736842105263153, 0.91218872870249013, 0.8470906630581867, 0.49050632911392411]
F1-REF	6	0	naive-bayes	0.001:[6,6]:0.98	k__Fungi;p__Ascomycota;c__Saccharomycetes;o__Saccharomycetales;f__Saccharomycetaceae;g__Zygosaccharomyces;s__Zygosaccharomyces_siamensis	k__Fungi;p__Ascomycota;c__Saccharomycetes;o__Saccharomycetales;f__Saccharomycetaceae;g__Zygosaccharomyces;s__Zygosaccharomyces_siamensis	match	7	[0, 1.0, 1.0, 0.99729729729729732, 0.98305084745762716, 0.94848484848484849, 0.69506726457399104]	[0, 0.98044009779951102, 0.95354523227383858, 0.90220048899755501, 0.85085574572127143, 0.76528117359413206, 0.37897310513447435]	[0, 0.99012345679012348, 0.97622027534418021, 0.94736842105263153, 0.91218872870249013, 0.8470906630581867, 0.49050632911392411]
F1-REF	6	0	naive-bayes	0.001:[6,6]:0.98	k__Fungi;p__Ascomycota;c__Pezizomycetes;o__Pezizales;f__Pyronemataceae;g__Genea	k__Fungi;p__Ascomycota;c__Pezizomycetes;o__Pezizales;f__Pyronemataceae;g__Genea;s__Genea_harknessii	underclassification	6	[0, 1.0, 1.0, 0.99729729729729732, 0.98305084745762716, 0.94848484848484849, 0.69506726457399104]	[0, 0.98044009779951102, 0.95354523227383858, 0.90220048899755501, 0.85085574572127143, 0.76528117359413206, 0.37897310513447435]	[0, 0.99012345679012348, 0.97622027534418021, 0.94736842105263153, 0.91218872870249013, 0.8470906630581867, 0.49050632911392411]
F1-REF	6	0	naive-bayes	0.001:[6,6]:0.98	k__Fungi;p__Ascomycota;c__Lecanoromycetes;o__Lecanorales;f__Cladoniaceae;g__Cladonia;s__Cladonia_stipitata	k__Fungi;p__Ascomycota;c__Lecanoromycetes;o__Lecanorales;f__Cladoniaceae;g__Cladonia;s__Cladonia_sp	misclassification	6	[0, 1.0, 1.0, 0.99729729729729732, 0.98305084745762716, 0.94848484848484849, 0.69506726457399104]	[0, 0.98044009779951102, 0.95354523227383858, 0.90220048899755501, 0.85085574572127143, 0.76528117359413206, 0.37897310513447435]	[0, 0.99012345679012348, 0.97622027534418021, 0.94736842105263153, 0.91218872870249013, 0.8470906630581867, 0.49050632911392411]
F1-REF	6	0	naive-bayes	0.001:[6,6]:0.98	k__Fungi;p__Basidiomycota;c__Agaricomycetes;o__Agaricales	k__Fungi;p__Basidiomycota;c__Agaricomycetes;o__Agaricales;f__Entolomataceae;g__Entoloma;s__Entoloma_chalybeum	underclassification	4	[0, 1.0, 1.0, 0.99729729729729732, 0.98305084745762716, 0.94848484848484849, 0.69506726457399104]	[0, 0.98044009779951102, 0.95354523227383858, 0.90220048899755501, 0.85085574572127143, 0.76528117359413206, 0.37897310513447435]	[0, 0.99012345679012348, 0.97622027534418021, 0.94736842105263153, 0.91218872870249013, 0.8470906630581867, 0.49050632911392411]
F1-REF	6	0	naive-bayes	0.001:[6,6]:0.98	k__Fungi	k__Fungi;p__Chytridiomycota;c__Chytridiomycetes;o__Chytridiales;f__Chytriomycetaceae;g__Chytriomyces;s__Chytriomyces_hyalinus	underclassification	1	[0, 1.0, 1.0, 0.99729729729729732, 0.98305084745762716, 0.94848484848484849, 0.69506726457399104]	[0, 0.98044009779951102, 0.95354523227383858, 0.90220048899755501, 0.85085574572127143, 0.76528117359413206, 0.37897310513447435]	[0, 0.99012345679012348, 0.97622027534418021, 0.94736842105263153, 0.91218872870249013, 0.8470906630581867, 0.49050632911392411]
F1-REF	6	0	naive-bayes	0.001:[6,6]:0.98	k__Fungi;p__Basidiomycota;c__Agaricomycetes;o__Thelephorales;f__Bankeraceae	k__Fungi;p__Basidiomycota;c__Agaricomycetes;o__Thelephorales;f__Bankeraceae;g__Phellodon;s__Phellodon_brunneo-olivaceus	underclassification	5	[0, 1.0, 1.0, 0.99729729729729732, 0.98305084745762716, 0.94848484848484849, 0.69506726457399104]	[0, 0.98044009779951102, 0.95354523227383858, 0.90220048899755501, 0.85085574572127143, 0.76528117359413206, 0.37897310513447435]	[0, 0.99012345679012348, 0.97622027534418021, 0.94736842105263153, 0.91218872870249013, 0.8470906630581867, 0.49050632911392411]
F1-REF	6	0	naive-bayes	0.001:[6,6]:0.98	k__Fungi;p__Ascomycota;c__Lecanoromycetes;o__Peltigerales;f__Nephromataceae;g__Nephroma;s__Nephroma_helveticum	k__Fungi;p__Ascomycota;c__Lecanoromycetes;o__Peltigerales;f__Nephromataceae;g__Nephroma;s__Nephroma_helveticum	match	7	[0, 1.0, 1.0, 0.99729729729729732, 0.98305084745762716, 0.94848484848484849, 0.69506726457399104]	[0, 0.98044009779951102, 0.95354523227383858, 0.90220048899755501, 0.85085574572127143, 0.76528117359413206, 0.37897310513447435]	[0, 0.99012345679012348, 0.97622027534418021, 0.94736842105263153, 0.91218872870249013, 0.8470906630581867, 0.49050632911392411]
F1-REF	6	0	naive-bayes	0.001:[6,6]:0.98	k__Fungi;p__Basidiomycota;c__Agaricomycetes;o__Agaricales;f__Inocybaceae;g__Inocybe;s__Inocybe_sp	k__Fungi;p__Basidiomycota;c__Agaricomycetes;o__Agaricales;f__Entolomataceae;g__Entoloma;s__Entoloma_longistriatum	misclassification	4	[0, 1.0, 1.0, 0.99729729729729732, 0.98305084745762716, 0.94848484848484849, 0.69506726457399104]	[0, 0.98044009779951102, 0.95354523227383858, 0.90220048899755501, 0.85085574572127143, 0.76528117359413206, 0.37897310513447435]	[0, 0.99012345679012348, 0.97622027534418021, 0.94736842105263153, 0.91218872870249013, 0.8470906630581867, 0.49050632911392411]
F1-REF	6	0	naive-bayes	0.001:[6,6]:0.98	k__Fungi;p__Basidiomycota;c__Agaricomycetes;o__Agaricales;f__Inocybaceae;g__Inocybe;s__Inocybe_sp	k__Fungi;p__Basidiomycota;c__Agaricomycetes;o__Agaricales;f__Inocybaceae;g__Inocybe;s__Inocybe_tenebrosa	misclassification	6	[0, 1.0, 1.0, 0.99729729729729732, 0.98305084745762716, 0.94848484848484849, 0.69506726457399104]	[0, 0.98044009779951102, 0.95354523227383858, 0.90220048899755501, 0.85085574572127143, 0.76528117359413206, 0.37897310513447435]	[0, 0.99012345679012348, 0.97622027534418021, 0.94736842105263153, 0.91218872870249013, 0.8470906630581867, 0.49050632911392411]
F1-REF	6	0	naive-bayes	0.001:[6,6]:0.98	k__Fungi;p__Ascomycota;c__Dothideomycetes;o__Botryosphaeriales;f__Botryosphaeriaceae	k__Fungi;p__Ascomycota;c__Dothideomycetes;o__Botryosphaeriales;f__Botryosphaeriaceae;g__Guignardia;s__Guignardia_sp	underclassification	5	[0, 1.0, 1.0, 0.99729729729729732, 0.98305084745762716, 0.94848484848484849, 0.69506726457399104]	[0, 0.98044009779951102, 0.95354523227383858, 0.90220048899755501, 0.85085574572127143, 0.76528117359413206, 0.37897310513447435]	[0, 0.99012345679012348, 0.97622027534418021, 0.94736842105263153, 0.91218872870249013, 0.8470906630581867, 0.49050632911392411]
F1-REF	6	0	naive-bayes	0.001:[6,6]:0.98	k__Fungi;p__Ascomycota;c__Dothideomycetes;o__Botryosphaeriales;f__Botryosphaeriaceae;g__Phyllosticta;s__Phyllosticta_aloeicola	k__Fungi;p__Ascomycota;c__Dothideomycetes;o__Botryosphaeriales;f__Botryosphaeriaceae;g__Phyllosticta;s__Phyllosticta_ampelicida	misclassification	6	[0, 1.0, 1.0, 0.99729729729729732, 0.98305084745762716, 0.94848484848484849, 0.69506726457399104]	[0, 0.98044009779951102, 0.95354523227383858, 0.90220048899755501, 0.85085574572127143, 0.76528117359413206, 0.37897310513447435]	[0, 0.99012345679012348, 0.97622027534418021, 0.94736842105263153, 0.91218872870249013, 0.8470906630581867, 0.49050632911392411]
F1-REF	6	0	naive-bayes	0.001:[6,6]:0.98	k__Fungi;p__Basidiomycota;c__Agaricomycetes;o__Thelephorales;f__Bankeraceae;g__Hydnellum;s__Hydnellum_caeruleum	k__Fungi;p__Basidiomycota;c__Agaricomycetes;o__Thelephorales;f__Bankeraceae;g__Hydnellum;s__Hydnellum_caeruleum	match	7	[0, 1.0, 1.0, 0.99729729729729732, 0.98305084745762716, 0.94848484848484849, 0.69506726457399104]	[0, 0.98044009779951102, 0.95354523227383858, 0.90220048899755501, 0.85085574572127143, 0.76528117359413206, 0.37897310513447435]	[0, 0.99012345679012348, 0.97622027534418021, 0.94736842105263153, 0.91218872870249013, 0.8470906630581867, 0.49050632911392411]
F1-REF	6	0	naive-bayes	0.001:[6,6]:0.98	k__Fungi;p__Basidiomycota;c__Agaricomycetes;o__Agaricales;f__Hygrophoraceae;g__Hygrophorus;s__Hygrophorus_cossus	k__Fungi;p__Basidiomycota;c__Agaricomycetes;o__Agaricales;f__Hygrophoraceae;g__Hygrophorus;s__Hygrophorus_cossus	match	7	[0, 1.0, 1.0, 0.99729729729729732, 0.98305084745762716, 0.94848484848484849, 0.69506726457399104]	[0, 0.98044009779951102, 0.95354523227383858, 0.90220048899755501, 0.85085574572127143, 0.76528117359413206, 0.37897310513447435]	[0, 0.99012345679012348, 0.97622027534418021, 0.94736842105263153, 0.91218872870249013, 0.8470906630581867, 0.49050632911392411]
F1-REF	6	0	naive-bayes	0.001:[6,6]:0.98	k__Fungi;p__Ascomycota;c__Lecanoromycetes;o__Peltigerales;f__Nephromataceae;g__Nephroma;s__Nephroma_resupinatum	k__Fungi;p__Ascomycota;c__Lecanoromycetes;o__Peltigerales;f__Nephromataceae;g__Nephroma;s__Nephroma_resupinatum	match	7	[0, 1.0, 1.0, 0.99729729729729732, 0.98305084745762716, 0.94848484848484849, 0.69506726457399104]	[0, 0.98044009779951102, 0.95354523227383858, 0.90220048899755501, 0.85085574572127143, 0.76528117359413206, 0.37897310513447435]	[0, 0.99012345679012348, 0.97622027534418021, 0.94736842105263153, 0.91218872870249013, 0.8470906630581867, 0.49050632911392411]
F1-REF	6	0	naive-bayes	0.001:[6,6]:0.98	k__Fungi;p__Ascomycota;c__Sordariomycetes;o__Sordariomycetidae_ord_Incertae_sedis;f__Apiosporaceae;g__Arthrinium	k__Fungi;p__Ascomycota;c__Sordariomycetes;o__Sordariomycetidae_ord_Incertae_sedis;f__Apiosporaceae;g__Arthrinium;s__Arthrinium_phaeospermum	underclassification	6	[0, 1.0, 1.0, 0.99729729729729732, 0.98305084745762716, 0.94848484848484849, 0.69506726457399104]	[0, 0.98044009779951102, 0.95354523227383858, 0.90220048899755501, 0.85085574572127143, 0.76528117359413206, 0.37897310513447435]	[0, 0.99012345679012348, 0.97622027534418021, 0.94736842105263153, 0.91218872870249013, 0.8470906630581867, 0.49050632911392411]
F1-REF	6	0	naive-bayes	0.001:[6,6]:0.98	k__Fungi;p__Basidiomycota;c__Agaricomycetes;o__Hymenochaetales;f__Repetobasidiaceae;g__Rickenella	k__Fungi;p__Basidiomycota;c__Agaricomycetes;o__Hymenochaetales;f__Repetobasidiaceae;g__Rickenella;s__Rickenella_fibula	underclassification	6	[0, 1.0, 1.0, 0.99729729729729732, 0.98305084745762716, 0.94848484848484849, 0.69506726457399104]	[0, 0.98044009779951102, 0.95354523227383858, 0.90220048899755501, 0.85085574572127143, 0.76528117359413206, 0.37897310513447435]	[0, 0.99012345679012348, 0.97622027534418021, 0.94736842105263153, 0.91218872870249013, 0.8470906630581867, 0.49050632911392411]
F1-REF	6	0	naive-bayes	0.001:[6,6]:0.98	k__Fungi;p__Ascomycota	k__Fungi;p__Ascomycota;c__Lecanoromycetes;o__Lecanorales;f__Lecanorales_fam_Incertae_sedis;g__Lecania;s__Lecania_cyrtella	underclassification	2	[0, 1.0, 1.0, 0.99729729729729732, 0.98305084745762716, 0.94848484848484849, 0.69506726457399104]	[0, 0.98044009779951102, 0.95354523227383858, 0.90220048899755501, 0.85085574572127143, 0.76528117359413206, 0.37897310513447435]	[0, 0.99012345679012348, 0.97622027534418021, 0.94736842105263153, 0.91218872870249013, 0.8470906630581867, 0.49050632911392411]
F1-REF	6	0	naive-bayes	0.001:[6,6]:0.98	k__Fungi;p__Ascomycota;c__Leotiomycetes;o__Helotiales;f__Helotiales_fam_Incertae_sedis	k__Fungi;p__Ascomycota;c__Leotiomycetes;o__Helotiales;f__Helotiales_fam_Incertae_sedis;g__Scytalidium;s__Scytalidium_sphaerosporum	underclassification	5	[0, 1.0, 1.0, 0.99729729729729732, 0.98305084745762716, 0.94848484848484849, 0.69506726457399104]	[0, 0.98044009779951102, 0.95354523227383858, 0.90220048899755501, 0.85085574572127143, 0.76528117359413206, 0.37897310513447435]	[0, 0.99012345679012348, 0.97622027534418021, 0.94736842105263153, 0.91218872870249013, 0.8470906630581867, 0.49050632911392411]
F1-REF	6	0	naive-bayes	0.001:[6,6]:0.98	k__Fungi;p__Ascomycota;c__Lecanoromycetes	k__Fungi;p__Ascomycota;c__Lecanoromycetes;o__Teloschistales;f__Teloschistaceae;g__Xanthomendoza;s__Xanthomendoza_hasseana	underclassification	3	[0, 1.0, 1.0, 0.99729729729729732, 0.98305084745762716, 0.94848484848484849, 0.69506726457399104]	[0, 0.98044009779951102, 0.95354523227383858, 0.90220048899755501, 0.85085574572127143, 0.76528117359413206, 0.37897310513447435]	[0, 0.99012345679012348, 0.97622027534418021, 0.94736842105263153, 0.91218872870249013, 0.8470906630581867, 0.49050632911392411]
F1-REF	6	0	naive-bayes	0.001:[6,6]:0.98	k__Fungi;p__Ascomycota;c__Pezizomycetes;o__Pezizales;f__Pyronemataceae;g__Wilcoxina;s__Wilcoxina_rehmii	k__Fungi;p__Ascomycota;c__Pezizomycetes;o__Pezizales;f__Pyronemataceae;g__Wilcoxina;s__Wilcoxina_rehmii	match	7	[0, 1.0, 1.0, 0.99729729729729732, 0.98305084745762716, 0.94848484848484849, 0.69506726457399104]	[0, 0.98044009779951102, 0.95354523227383858, 0.90220048899755501, 0.85085574572127143, 0.76528117359413206, 0.37897310513447435]	[0, 0.99012345679012348, 0.97622027534418021, 0.94736842105263153, 0.91218872870249013, 0.8470906630581867, 0.49050632911392411]
F1-REF	6	0	naive-bayes	0.001:[6,6]:0.98	k__Fungi;p__Basidiomycota;c__Agaricomycetes;o__Agaricales;f__Cortinariaceae;g__Cortinarius	k__Fungi;p__Basidiomycota;c__Agaricomycetes;o__Agaricales;f__Cortinariaceae;g__Cortinarius;s__Cortinarius_malicorius	underclassification	6	[0, 1.0, 1.0, 0.99729729729729732, 0.98305084745762716, 0.94848484848484849, 0.69506726457399104]	[0, 0.98044009779951102, 0.95354523227383858, 0.90220048899755501, 0.85085574572127143, 0.76528117359413206, 0.37897310513447435]	[0, 0.99012345679012348, 0.97622027534418021, 0.94736842105263153, 0.91218872870249013, 0.8470906630581867, 0.49050632911392411]
F1-REF	6	0	naive-bayes	0.001:[6,6]:0.98	k__Fungi;p__Ascomycota;c__Lecanoromycetes;o__Lecanorales;f__Cladoniaceae;g__Cladonia	k__Fungi;p__Ascomycota;c__Lecanoromycetes;o__Lecanorales;f__Cladoniaceae;g__Cladonia;s__Cladonia_turgida	underclassification	6	[0, 1.0, 1.0, 0.99729729729729732, 0.98305084745762716, 0.94848484848484849, 0.69506726457399104]	[0, 0.98044009779951102, 0.95354523227383858, 0.90220048899755501, 0.85085574572127143, 0.76528117359413206, 0.37897310513447435]	[0, 0.99012345679012348, 0.97622027534418021, 0.94736842105263153, 0.91218872870249013, 0.8470906630581867, 0.49050632911392411]
F1-REF	6	0	naive-bayes	0.001:[6,6]:0.98	k__Fungi;p__Ascomycota;c__Sordariomycetes;o__Hypocreales;f__Cordycipitaceae;g__Isaria;s__Isaria_farinosa	k__Fungi;p__Ascomycota;c__Sordariomycetes;o__Hypocreales;f__Cordycipitaceae;g__Beauveria;s__Beauveria_bassiana	misclassification	5	[0, 1.0, 1.0, 0.99729729729729732, 0.98305084745762716, 0.94848484848484849, 0.69506726457399104]	[0, 0.98044009779951102, 0.95354523227383858, 0.90220048899755501, 0.85085574572127143, 0.76528117359413206, 0.37897310513447435]	[0, 0.99012345679012348, 0.97622027534418021, 0.94736842105263153, 0.91218872870249013, 0.8470906630581867, 0.49050632911392411]
F1-REF	6	0	naive-bayes	0.001:[6,6]:0.98	k__Fungi;p__Ascomycota;c__Sordariomycetes;o__Hypocreales;f__Cordycipitaceae;g__Lecanicillium;s__Lecanicillium_sp	k__Fungi;p__Ascomycota;c__Sordariomycetes;o__Hypocreales;f__Cordycipitaceae;g__Lecanicillium;s__Lecanicillium_fusisporum	misclassification	6	[0, 1.0, 1.0, 0.99729729729729732, 0.98305084745762716, 0.94848484848484849, 0.69506726457399104]	[0, 0.98044009779951102, 0.95354523227383858, 0.90220048899755501, 0.85085574572127143, 0.76528117359413206, 0.37897310513447435]	[0, 0.99012345679012348, 0.97622027534418021, 0.94736842105263153, 0.91218872870249013, 0.8470906630581867, 0.49050632911392411]
F1-REF	6	0	naive-bayes	0.001:[6,6]:0.98	k__Fungi;p__Basidiomycota;c__Agaricomycetes;o__Agaricales;f__Agaricaceae;g__Lepiota;s__Lepiota_cristata	k__Fungi;p__Basidiomycota;c__Agaricomycetes;o__Agaricales;f__Agaricaceae;g__Lepiota;s__Lepiota_cristata	match	7	[0, 1.0, 1.0, 0.99729729729729732, 0.98305084745762716, 0.94848484848484849, 0.69506726457399104]	[0, 0.98044009779951102, 0.95354523227383858, 0.90220048899755501, 0.85085574572127143, 0.76528117359413206, 0.37897310513447435]	[0, 0.99012345679012348, 0.97622027534418021, 0.94736842105263153, 0.91218872870249013, 0.8470906630581867, 0.49050632911392411]
F1-REF	6	0	naive-bayes	0.001:[6,6]:0.98	k__Fungi;p__Basidiomycota;c__Agaricomycetes;o__Agaricales;f__Agaricaceae;g__Lepiota	k__Fungi;p__Basidiomycota;c__Agaricomycetes;o__Agaricales;f__Agaricaceae;g__Lepiota;s__Lepiota_castaneidisca	underclassification	6	[0, 1.0, 1.0, 0.99729729729729732, 0.98305084745762716, 0.94848484848484849, 0.69506726457399104]	[0, 0.98044009779951102, 0.95354523227383858, 0.90220048899755501, 0.85085574572127143, 0.76528117359413206, 0.37897310513447435]	[0, 0.99012345679012348, 0.97622027534418021, 0.94736842105263153, 0.91218872870249013, 0.8470906630581867, 0.49050632911392411]
F1-REF	6	0	naive-bayes	0.001:[6,6]:0.98	k__Fungi;p__Basidiomycota;c__Agaricomycetes	k__Fungi;p__Basidiomycota;c__Agaricomycetes;o__Atheliales;f__Atheliaceae;g__Tylospora;s__Tylospora_fibrillosa	underclassification	3	[0, 1.0, 1.0, 0.99729729729729732, 0.98305084745762716, 0.94848484848484849, 0.69506726457399104]	[0, 0.98044009779951102, 0.95354523227383858, 0.90220048899755501, 0.85085574572127143, 0.76528117359413206, 0.37897310513447435]	[0, 0.99012345679012348, 0.97622027534418021, 0.94736842105263153, 0.91218872870249013, 0.8470906630581867, 0.49050632911392411]
F1-REF	6	0	naive-bayes	0.001:[6,6]:0.98	k__Fungi;p__Ascomycota;c__Sordariomycetes;o__Xylariales;f__Xylariaceae;g__Annulohypoxylon;s__Annulohypoxylon_purpureonitens	k__Fungi;p__Ascomycota;c__Sordariomycetes;o__Xylariales;f__Xylariaceae;g__Annulohypoxylon;s__Annulohypoxylon_purpureonitens	match	7	[0, 1.0, 1.0, 0.99729729729729732, 0.98305084745762716, 0.94848484848484849, 0.69506726457399104]	[0, 0.98044009779951102, 0.95354523227383858, 0.90220048899755501, 0.85085574572127143, 0.76528117359413206, 0.37897310513447435]	[0, 0.99012345679012348, 0.97622027534418021, 0.94736842105263153, 0.91218872870249013, 0.8470906630581867, 0.49050632911392411]
F1-REF	6	0	naive-bayes	0.001:[6,6]:0.98	k__Fungi;p__Zygomycota;c__Mucoromycotina_cls_Incertae_sedis;o__Mucorales;f__Rhizopodaceae;g__Rhizopus;s__Rhizopus_homothallicus	k__Fungi;p__Zygomycota;c__Mucoromycotina_cls_Incertae_sedis;o__Mucorales;f__Rhizopodaceae;g__Rhizopus;s__Rhizopus_homothallicus	match	7	[0, 1.0, 1.0, 0.99729729729729732, 0.98305084745762716, 0.94848484848484849, 0.69506726457399104]	[0, 0.98044009779951102, 0.95354523227383858, 0.90220048899755501, 0.85085574572127143, 0.76528117359413206, 0.37897310513447435]	[0, 0.99012345679012348, 0.97622027534418021, 0.94736842105263153, 0.91218872870249013, 0.8470906630581867, 0.49050632911392411]
F1-REF	6	0	naive-bayes	0.001:[6,6]:0.98	k__Fungi;p__Ascomycota;c__Leotiomycetes	k__Fungi;p__Ascomycota;c__Leotiomycetes;o__Leotiales;f__Leotiaceae;g__Pezoloma;s__Pezoloma_ericae	underclassification	3	[0, 1.0, 1.0, 0.99729729729729732, 0.98305084745762716, 0.94848484848484849, 0.69506726457399104]	[0, 0.98044009779951102, 0.95354523227383858, 0.90220048899755501, 0.85085574572127143, 0.76528117359413206, 0.37897310513447435]	[0, 0.99012345679012348, 0.97622027534418021, 0.94736842105263153, 0.91218872870249013, 0.8470906630581867, 0.49050632911392411]
F1-REF	6	0	naive-bayes	0.001:[6,6]:0.98	k__Fungi;p__Basidiomycota;c__Agaricomycetes;o__Agaricales	k__Fungi;p__Basidiomycota;c__Agaricomycetes;o__Agaricales;f__Mycenaceae;g__Mycena;s__Mycena_adscendens	underclassification	4	[0, 1.0, 1.0, 0.99729729729729732, 0.98305084745762716, 0.94848484848484849, 0.69506726457399104]	[0, 0.98044009779951102, 0.95354523227383858, 0.90220048899755501, 0.85085574572127143, 0.76528117359413206, 0.37897310513447435]	[0, 0.99012345679012348, 0.97622027534418021, 0.94736842105263153, 0.91218872870249013, 0.8470906630581867, 0.49050632911392411]
F1-REF	6	0	naive-bayes	0.001:[6,6]:0.98	k__Fungi;p__Basidiomycota;c__Agaricomycetes;o__Sebacinales;f__Sebacinaceae	k__Fungi;p__Basidiomycota;c__Agaricomycetes;o__Sebacinales;f__Sebacinaceae;g__Helvellosebacina;s__Helvellosebacina_helvelloides	underclassification	5	[0, 1.0, 1.0, 0.99729729729729732, 0.98305084745762716, 0.94848484848484849, 0.69506726457399104]	[0, 0.98044009779951102, 0.95354523227383858, 0.90220048899755501, 0.85085574572127143, 0.76528117359413206, 0.37897310513447435]	[0, 0.99012345679012348, 0.97622027534418021, 0.94736842105263153, 0.91218872870249013, 0.8470906630581867, 0.49050632911392411]
F1-REF	6	0	naive-bayes	0.001:[6,6]:0.98	k__Fungi;p__Basidiomycota;c__Agaricomycetes	k__Fungi;p__Basidiomycota;c__Agaricomycetes;o__Gomphales;f__Lentariaceae;g__Lentaria;s__Lentaria_sp	underclassification	3	[0, 1.0, 1.0, 0.99729729729729732, 0.98305084745762716, 0.94848484848484849, 0.69506726457399104]	[0, 0.98044009779951102, 0.95354523227383858, 0.90220048899755501, 0.85085574572127143, 0.76528117359413206, 0.37897310513447435]	[0, 0.99012345679012348, 0.97622027534418021, 0.94736842105263153, 0.91218872870249013, 0.8470906630581867, 0.49050632911392411]
F1-REF	6	0	naive-bayes	0.001:[6,6]:0.98	k__Fungi;p__Basidiomycota;c__Agaricomycetes;o__Agaricales;f__Tricholomataceae;g__Tricholomopsis;s__Tricholomopsis_flavescens	k__Fungi;p__Basidiomycota;c__Agaricomycetes;o__Agaricales;f__Tricholomataceae;g__Tricholomopsis;s__Tricholomopsis_rutilans	misclassification	6	[0, 1.0, 1.0, 0.99729729729729732, 0.98305084745762716, 0.94848484848484849, 0.69506726457399104]	[0, 0.98044009779951102, 0.95354523227383858, 0.90220048899755501, 0.85085574572127143, 0.76528117359413206, 0.37897310513447435]	[0, 0.99012345679012348, 0.97622027534418021, 0.94736842105263153, 0.91218872870249013, 0.8470906630581867, 0.49050632911392411]
F1-REF	6	0	naive-bayes	0.001:[6,6]:0.98	k__Fungi;p__Glomeromycota;c__Glomeromycetes;o__Glomerales;f__Glomeraceae;g__Rhizophagus	k__Fungi;p__Glomeromycota;c__Glomeromycetes;o__Glomerales;f__Glomeraceae;g__Rhizophagus;s__Rhizophagus_prolifer	underclassification	6	[0, 1.0, 1.0, 0.99729729729729732, 0.98305084745762716, 0.94848484848484849, 0.69506726457399104]	[0, 0.98044009779951102, 0.95354523227383858, 0.90220048899755501, 0.85085574572127143, 0.76528117359413206, 0.37897310513447435]	[0, 0.99012345679012348, 0.97622027534418021, 0.94736842105263153, 0.91218872870249013, 0.8470906630581867, 0.49050632911392411]
F1-REF	6	0	naive-bayes	0.001:[6,6]:0.98	k__Fungi;p__Ascomycota;c__Geoglossomycetes;o__Geoglossales;f__Geoglossaceae;g__Geoglossum;s__Geoglossum_simile	k__Fungi;p__Ascomycota;c__Geoglossomycetes;o__Geoglossales;f__Geoglossaceae;g__Geoglossum;s__Geoglossum_simile	match	7	[0, 1.0, 1.0, 0.99729729729729732, 0.98305084745762716, 0.94848484848484849, 0.69506726457399104]	[0, 0.98044009779951102, 0.95354523227383858, 0.90220048899755501, 0.85085574572127143, 0.76528117359413206, 0.37897310513447435]	[0, 0.99012345679012348, 0.97622027534418021, 0.94736842105263153, 0.91218872870249013, 0.8470906630581867, 0.49050632911392411]
F1-REF	6	0	naive-bayes	0.001:[6,6]:0.98	k__Fungi;p__Ascomycota;c__Pezizomycetes;o__Pezizales;f__Pyronemataceae;g__Aleuria;s__Aleuria_aurantia	k__Fungi;p__Ascomycota;c__Pezizomycetes;o__Pezizales;f__Pyronemataceae;g__Aleuria;s__Aleuria_aurantia	match	7	[0, 1.0, 1.0, 0.99729729729729732, 0.98305084745762716, 0.94848484848484849, 0.69506726457399104]	[0, 0.98044009779951102, 0.95354523227383858, 0.90220048899755501, 0.85085574572127143, 0.76528117359413206, 0.37897310513447435]	[0, 0.99012345679012348, 0.97622027534418021, 0.94736842105263153, 0.91218872870249013, 0.8470906630581867, 0.49050632911392411]
F1-REF	6	0	naive-bayes	0.001:[6,6]:0.98	k__Fungi;p__Basidiomycota;c__Agaricomycetes;o__Agaricales;f__Agaricaceae;g__Echinoderma;s__Echinoderma_asperum	k__Fungi;p__Basidiomycota;c__Agaricomycetes;o__Agaricales;f__Agaricaceae;g__Echinoderma;s__Echinoderma_asperum	match	7	[0, 1.0, 1.0, 0.99729729729729732, 0.98305084745762716, 0.94848484848484849, 0.69506726457399104]	[0, 0.98044009779951102, 0.95354523227383858, 0.90220048899755501, 0.85085574572127143, 0.76528117359413206, 0.37897310513447435]	[0, 0.99012345679012348, 0.97622027534418021, 0.94736842105263153, 0.91218872870249013, 0.8470906630581867, 0.49050632911392411]
F1-REF	6	0	naive-bayes	0.001:[6,6]:0.98	k__Fungi;p__Ascomycota;c__Pezizomycetes;o__Pezizales;f__Tuberaceae;g__Tuber;s__Tuber_sp	k__Fungi;p__Ascomycota;c__Pezizomycetes;o__Pezizales;f__Tuberaceae;g__Tuber;s__Tuber_separans	misclassification	6	[0, 1.0, 1.0, 0.99729729729729732, 0.98305084745762716, 0.94848484848484849, 0.69506726457399104]	[0, 0.98044009779951102, 0.95354523227383858, 0.90220048899755501, 0.85085574572127143, 0.76528117359413206, 0.37897310513447435]	[0, 0.99012345679012348, 0.97622027534418021, 0.94736842105263153, 0.91218872870249013, 0.8470906630581867, 0.49050632911392411]
F1-REF	6	0	naive-bayes	0.001:[6,6]:0.98	k__Fungi;p__Ascomycota;c__Lecanoromycetes;o__Lecanorales;f__Stereocaulaceae;g__Lepraria;s__Lepraria_isidiata	k__Fungi;p__Ascomycota;c__Lecanoromycetes;o__Lecanorales;f__Stereocaulaceae;g__Lepraria;s__Lepraria_isidiata	match	7	[0, 1.0, 1.0, 0.99729729729729732, 0.98305084745762716, 0.94848484848484849, 0.69506726457399104]	[0, 0.98044009779951102, 0.95354523227383858, 0.90220048899755501, 0.85085574572127143, 0.76528117359413206, 0.37897310513447435]	[0, 0.99012345679012348, 0.97622027534418021, 0.94736842105263153, 0.91218872870249013, 0.8470906630581867, 0.49050632911392411]
F1-REF	6	0	naive-bayes	0.001:[6,6]:0.98	k__Fungi;p__Glomeromycota;c__Glomeromycetes;o__Glomerales;f__Glomeraceae;g__Septoglomus;s__Septoglomus_viscosum	k__Fungi;p__Glomeromycota;c__Glomeromycetes;o__Glomerales;f__Glomeraceae;g__Glomus;s__Glomus_aggregatum	misclassification	5	[0, 1.0, 1.0, 0.99729729729729732, 0.98305084745762716, 0.94848484848484849, 0.69506726457399104]	[0, 0.98044009779951102, 0.95354523227383858, 0.90220048899755501, 0.85085574572127143, 0.76528117359413206, 0.37897310513447435]	[0, 0.99012345679012348, 0.97622027534418021, 0.94736842105263153, 0.91218872870249013, 0.8470906630581867, 0.49050632911392411]
F1-REF	6	0	naive-bayes	0.001:[6,6]:0.98	k__Fungi;p__Basidiomycota;c__Agaricomycetes;o__Boletales;f__Hygrophoropsidaceae;g__Hygrophoropsis;s__Hygrophoropsis_aurantiaca	k__Fungi;p__Basidiomycota;c__Agaricomycetes;o__Boletales;f__Hygrophoropsidaceae;g__Hygrophoropsis;s__Hygrophoropsis_rufa	misclassification	6	[0, 1.0, 1.0, 0.99729729729729732, 0.98305084745762716, 0.94848484848484849, 0.69506726457399104]	[0, 0.98044009779951102, 0.95354523227383858, 0.90220048899755501, 0.85085574572127143, 0.76528117359413206, 0.37897310513447435]	[0, 0.99012345679012348, 0.97622027534418021, 0.94736842105263153, 0.91218872870249013, 0.8470906630581867, 0.49050632911392411]
F1-REF	6	0	naive-bayes	0.001:[6,6]:0.98	k__Fungi;p__Ascomycota;c__Leotiomycetes;o__Helotiales;f__Helotiaceae;g__Neobulgaria;s__Neobulgaria_sp	k__Fungi;p__Ascomycota;c__Leotiomycetes;o__Helotiales;f__Helotiaceae;g__Neobulgaria;s__Neobulgaria_sp	match	7	[0, 1.0, 1.0, 0.99729729729729732, 0.98305084745762716, 0.94848484848484849, 0.69506726457399104]	[0, 0.98044009779951102, 0.95354523227383858, 0.90220048899755501, 0.85085574572127143, 0.76528117359413206, 0.37897310513447435]	[0, 0.99012345679012348, 0.97622027534418021, 0.94736842105263153, 0.91218872870249013, 0.8470906630581867, 0.49050632911392411]
F1-REF	6	0	naive-bayes	0.001:[6,6]:0.98	k__Fungi;p__Ascomycota;c__Leotiomycetes;o__Rhytismatales	k__Fungi;p__Ascomycota;c__Leotiomycetes;o__Rhytismatales;f__Rhytismataceae;g__Lophodermium;s__Lophodermium_piceae	underclassification	4	[0, 1.0, 1.0, 0.99729729729729732, 0.98305084745762716, 0.94848484848484849, 0.69506726457399104]	[0, 0.98044009779951102, 0.95354523227383858, 0.90220048899755501, 0.85085574572127143, 0.76528117359413206, 0.37897310513447435]	[0, 0.99012345679012348, 0.97622027534418021, 0.94736842105263153, 0.91218872870249013, 0.8470906630581867, 0.49050632911392411]
F1-REF	6	0	naive-bayes	0.001:[6,6]:0.98	k__Fungi;p__Ascomycota;c__Sordariomycetes;o__Hypocreales;f__Hypocreaceae;g__Trichoderma	k__Fungi;p__Ascomycota;c__Sordariomycetes;o__Hypocreales;f__Hypocreaceae;g__Trichoderma;s__Trichoderma_chlorosporum	underclassification	6	[0, 1.0, 1.0, 0.99729729729729732, 0.98305084745762716, 0.94848484848484849, 0.69506726457399104]	[0, 0.98044009779951102, 0.95354523227383858, 0.90220048899755501, 0.85085574572127143, 0.76528117359413206, 0.37897310513447435]	[0, 0.99012345679012348, 0.97622027534418021, 0.94736842105263153, 0.91218872870249013, 0.8470906630581867, 0.49050632911392411]
F1-REF	6	0	naive-bayes	0.001:[6,6]:0.98	k__Fungi;p__Basidiomycota;c__Agaricomycetes;o__Agaricales;f__Tricholomataceae;g__Melanoleuca;s__Melanoleuca_jaliscoensis	k__Fungi;p__Basidiomycota;c__Agaricomycetes;o__Agaricales;f__Tricholomataceae;g__Melanoleuca;s__Melanoleuca_jaliscoensis	match	7	[0, 1.0, 1.0, 0.99729729729729732, 0.98305084745762716, 0.94848484848484849, 0.69506726457399104]	[0, 0.98044009779951102, 0.95354523227383858, 0.90220048899755501, 0.85085574572127143, 0.76528117359413206, 0.37897310513447435]	[0, 0.99012345679012348, 0.97622027534418021, 0.94736842105263153, 0.91218872870249013, 0.8470906630581867, 0.49050632911392411]
F1-REF	6	0	naive-bayes	0.001:[6,6]:0.98	k__Fungi;p__Basidiomycota;c__Agaricomycetes;o__Hymenochaetales;f__Hymenochaetaceae;g__Phellopilus;s__Phellopilus_nigrolimitatus	k__Fungi;p__Basidiomycota;c__Agaricomycetes;o__Hymenochaetales;f__Hymenochaetaceae;g__Phellopilus;s__Phellopilus_nigrolimitatus	match	7	[0, 1.0, 1.0, 0.99729729729729732, 0.98305084745762716, 0.94848484848484849, 0.69506726457399104]	[0, 0.98044009779951102, 0.95354523227383858, 0.90220048899755501, 0.85085574572127143, 0.76528117359413206, 0.37897310513447435]	[0, 0.99012345679012348, 0.97622027534418021, 0.94736842105263153, 0.91218872870249013, 0.8470906630581867, 0.49050632911392411]
F1-REF	6	0	naive-bayes	0.001:[6,6]:0.98	k__Fungi;p__Ascomycota;c__Pezizomycetes;o__Pezizales;f__Pyronemataceae;g__Genea	k__Fungi;p__Ascomycota;c__Pezizomycetes;o__Pezizales;f__Pyronemataceae;g__Genea;s__Genea_verrucosa	underclassification	6	[0, 1.0, 1.0, 0.99729729729729732, 0.98305084745762716, 0.94848484848484849, 0.69506726457399104]	[0, 0.98044009779951102, 0.95354523227383858, 0.90220048899755501, 0.85085574572127143, 0.76528117359413206, 0.37897310513447435]	[0, 0.99012345679012348, 0.97622027534418021, 0.94736842105263153, 0.91218872870249013, 0.8470906630581867, 0.49050632911392411]
F1-REF	6	0	naive-bayes	0.001:[6,6]:0.98	k__Fungi;p__Basidiomycota;c__Agaricomycetes;o__Russulales;f__Russulaceae;g__Russula	k__Fungi;p__Basidiomycota;c__Agaricomycetes;o__Russulales;f__Russulaceae;g__Russula;s__Russula_emetica	underclassification	6	[0, 1.0, 1.0, 0.99729729729729732, 0.98305084745762716, 0.94848484848484849, 0.69506726457399104]	[0, 0.98044009779951102, 0.95354523227383858, 0.90220048899755501, 0.85085574572127143, 0.76528117359413206, 0.37897310513447435]	[0, 0.99012345679012348, 0.97622027534418021, 0.94736842105263153, 0.91218872870249013, 0.8470906630581867, 0.49050632911392411]
F1-REF	6	0	naive-bayes	0.001:[6,6]:0.98	k__Fungi;p__Basidiomycota;c__Agaricomycetes;o__Agaricales;f__Strophariaceae;g__Hymenogaster;s__Hymenogaster_olivaceus	k__Fungi;p__Basidiomycota;c__Agaricomycetes;o__Agaricales;f__Strophariaceae;g__Hymenogaster;s__Hymenogaster_griseus	misclassification	6	[0, 1.0, 1.0, 0.99729729729729732, 0.98305084745762716, 0.94848484848484849, 0.69506726457399104]	[0, 0.98044009779951102, 0.95354523227383858, 0.90220048899755501, 0.85085574572127143, 0.76528117359413206, 0.37897310513447435]	[0, 0.99012345679012348, 0.97622027534418021, 0.94736842105263153, 0.91218872870249013, 0.8470906630581867, 0.49050632911392411]
F1-REF	6	0	naive-bayes	0.001:[6,6]:0.98	k__Fungi;p__Basidiomycota;c__Agaricomycetes;o__Agaricales;f__Psathyrellaceae;g__Coprinopsis;s__Coprinopsis_lagopus	k__Fungi;p__Basidiomycota;c__Agaricomycetes;o__Agaricales;f__Psathyrellaceae;g__Coprinopsis;s__Coprinopsis_lagopus	match	7	[0, 1.0, 1.0, 0.99729729729729732, 0.98305084745762716, 0.94848484848484849, 0.69506726457399104]	[0, 0.98044009779951102, 0.95354523227383858, 0.90220048899755501, 0.85085574572127143, 0.76528117359413206, 0.37897310513447435]	[0, 0.99012345679012348, 0.97622027534418021, 0.94736842105263153, 0.91218872870249013, 0.8470906630581867, 0.49050632911392411]
F1-REF	6	0	naive-bayes	0.001:[6,6]:0.98	k__Fungi;p__Basidiomycota;c__Agaricomycetes;o__Agaricales;f__Psathyrellaceae;g__Coprinopsis;s__Coprinopsis_strossmayeri	k__Fungi;p__Basidiomycota;c__Agaricomycetes;o__Agaricales;f__Psathyrellaceae;g__Coprinopsis;s__Coprinopsis_strossmayeri	match	7	[0, 1.0, 1.0, 0.99729729729729732, 0.98305084745762716, 0.94848484848484849, 0.69506726457399104]	[0, 0.98044009779951102, 0.95354523227383858, 0.90220048899755501, 0.85085574572127143, 0.76528117359413206, 0.37897310513447435]	[0, 0.99012345679012348, 0.97622027534418021, 0.94736842105263153, 0.91218872870249013, 0.8470906630581867, 0.49050632911392411]
F1-REF	6	0	naive-bayes	0.001:[6,6]:0.98	k__Fungi;p__Basidiomycota;c__Agaricomycetes;o__Agaricales;f__Psathyrellaceae;g__Coprinopsis	k__Fungi;p__Basidiomycota;c__Agaricomycetes;o__Agaricales;f__Psathyrellaceae;g__Coprinopsis;s__Coprinopsis_sp	underclassification	6	[0, 1.0, 1.0, 0.99729729729729732, 0.98305084745762716, 0.94848484848484849, 0.69506726457399104]	[0, 0.98044009779951102, 0.95354523227383858, 0.90220048899755501, 0.85085574572127143, 0.76528117359413206, 0.37897310513447435]	[0, 0.99012345679012348, 0.97622027534418021, 0.94736842105263153, 0.91218872870249013, 0.8470906630581867, 0.49050632911392411]
F1-REF	6	0	naive-bayes	0.001:[6,6]:0.98	k__Fungi;p__Basidiomycota;c__Agaricomycetes;o__Russulales;f__Russulaceae;g__Russula	k__Fungi;p__Basidiomycota;c__Agaricomycetes;o__Russulales;f__Russulaceae;g__Russula;s__Russula_nigricans	underclassification	6	[0, 1.0, 1.0, 0.99729729729729732, 0.98305084745762716, 0.94848484848484849, 0.69506726457399104]	[0, 0.98044009779951102, 0.95354523227383858, 0.90220048899755501, 0.85085574572127143, 0.76528117359413206, 0.37897310513447435]	[0, 0.99012345679012348, 0.97622027534418021, 0.94736842105263153, 0.91218872870249013, 0.8470906630581867, 0.49050632911392411]
F1-REF	6	0	naive-bayes	0.001:[6,6]:0.98	k__Fungi;p__Basidiomycota;c__Agaricomycetes;o__Agaricales;f__Tricholomataceae;g__Tricholoma	k__Fungi;p__Basidiomycota;c__Agaricomycetes;o__Agaricales;f__Tricholomataceae;g__Tricholoma;s__Tricholoma_squarrulosum	underclassification	6	[0, 1.0, 1.0, 0.99729729729729732, 0.98305084745762716, 0.94848484848484849, 0.69506726457399104]	[0, 0.98044009779951102, 0.95354523227383858, 0.90220048899755501, 0.85085574572127143, 0.76528117359413206, 0.37897310513447435]	[0, 0.99012345679012348, 0.97622027534418021, 0.94736842105263153, 0.91218872870249013, 0.8470906630581867, 0.49050632911392411]
F1-REF	6	0	naive-bayes	0.001:[6,6]:0.98	k__Fungi;p__Basidiomycota;c__Agaricomycetes;o__Agaricales;f__Tricholomataceae;g__Tricholoma	k__Fungi;p__Basidiomycota;c__Agaricomycetes;o__Agaricales;f__Tricholomataceae;g__Tricholoma;s__Tricholoma_scalpturatum	underclassification	6	[0, 1.0, 1.0, 0.99729729729729732, 0.98305084745762716, 0.94848484848484849, 0.69506726457399104]	[0, 0.98044009779951102, 0.95354523227383858, 0.90220048899755501, 0.85085574572127143, 0.76528117359413206, 0.37897310513447435]	[0, 0.99012345679012348, 0.97622027534418021, 0.94736842105263153, 0.91218872870249013, 0.8470906630581867, 0.49050632911392411]
F1-REF	6	0	naive-bayes	0.001:[6,6]:0.98	k__Fungi;p__Ascomycota;c__Saccharomycetes;o__Saccharomycetales;f__Saccharomycetaceae;g__Kazachstania;s__Kazachstania_exigua	k__Fungi;p__Ascomycota;c__Saccharomycetes;o__Saccharomycetales;f__Saccharomycetaceae;g__Kazachstania;s__Kazachstania_exigua	match	7	[0, 1.0, 1.0, 0.99729729729729732, 0.98305084745762716, 0.94848484848484849, 0.69506726457399104]	[0, 0.98044009779951102, 0.95354523227383858, 0.90220048899755501, 0.85085574572127143, 0.76528117359413206, 0.37897310513447435]	[0, 0.99012345679012348, 0.97622027534418021, 0.94736842105263153, 0.91218872870249013, 0.8470906630581867, 0.49050632911392411]
F1-REF	6	0	naive-bayes	0.001:[6,6]:0.98	k__Fungi;p__Ascomycota;c__Dothideomycetes;o__Venturiales;f__Venturiaceae;g__Venturia;s__Venturia_sp	k__Fungi;p__Ascomycota;c__Dothideomycetes;o__Venturiales;f__Venturiaceae;g__Venturia;s__Venturia_sp	match	7	[0, 1.0, 1.0, 0.99729729729729732, 0.98305084745762716, 0.94848484848484849, 0.69506726457399104]	[0, 0.98044009779951102, 0.95354523227383858, 0.90220048899755501, 0.85085574572127143, 0.76528117359413206, 0.37897310513447435]	[0, 0.99012345679012348, 0.97622027534418021, 0.94736842105263153, 0.91218872870249013, 0.8470906630581867, 0.49050632911392411]
F1-REF	6	0	naive-bayes	0.001:[6,6]:0.98	k__Fungi;p__Basidiomycota;c__Agaricomycetes;o__Russulales;f__Russulaceae;g__Russula;s__Russula_vinososordida	k__Fungi;p__Basidiomycota;c__Agaricomycetes;o__Russulales;f__Russulaceae;g__Russula;s__Russula_vinososordida	match	7	[0, 1.0, 1.0, 0.99729729729729732, 0.98305084745762716, 0.94848484848484849, 0.69506726457399104]	[0, 0.98044009779951102, 0.95354523227383858, 0.90220048899755501, 0.85085574572127143, 0.76528117359413206, 0.37897310513447435]	[0, 0.99012345679012348, 0.97622027534418021, 0.94736842105263153, 0.91218872870249013, 0.8470906630581867, 0.49050632911392411]
F1-REF	6	0	naive-bayes	0.001:[6,6]:0.98	k__Fungi;p__Basidiomycota;c__Microbotryomycetes;o__Heterogastridiales;f__Heterogastridiaceae;g__Colacogloea;s__Colacogloea_foliorum	k__Fungi;p__Basidiomycota;c__Microbotryomycetes;o__Heterogastridiales;f__Heterogastridiaceae;g__Colacogloea;s__Colacogloea_foliorum	match	7	[0, 1.0, 1.0, 0.99729729729729732, 0.98305084745762716, 0.94848484848484849, 0.69506726457399104]	[0, 0.98044009779951102, 0.95354523227383858, 0.90220048899755501, 0.85085574572127143, 0.76528117359413206, 0.37897310513447435]	[0, 0.99012345679012348, 0.97622027534418021, 0.94736842105263153, 0.91218872870249013, 0.8470906630581867, 0.49050632911392411]
F1-REF	6	0	naive-bayes	0.001:[6,6]:0.98	k__Fungi;p__Basidiomycota;c__Agaricomycetes;o__Russulales;f__Russulaceae;g__Lactarius	k__Fungi;p__Basidiomycota;c__Agaricomycetes;o__Russulales;f__Russulaceae;g__Lactarius;s__Lactarius_torminosus	underclassification	6	[0, 1.0, 1.0, 0.99729729729729732, 0.98305084745762716, 0.94848484848484849, 0.69506726457399104]	[0, 0.98044009779951102, 0.95354523227383858, 0.90220048899755501, 0.85085574572127143, 0.76528117359413206, 0.37897310513447435]	[0, 0.99012345679012348, 0.97622027534418021, 0.94736842105263153, 0.91218872870249013, 0.8470906630581867, 0.49050632911392411]
F1-REF	6	0	naive-bayes	0.001:[6,6]:0.98	k__Fungi;p__Basidiomycota;c__Agaricomycetes;o__Cantharellales;f__Clavulinaceae;g__Clavulina;s__Clavulina_coralloides	k__Fungi;p__Basidiomycota;c__Agaricomycetes;o__Cantharellales;f__Clavulinaceae;g__Clavulina;s__Clavulina_coralloides	match	7	[0, 1.0, 1.0, 0.99729729729729732, 0.98305084745762716, 0.94848484848484849, 0.69506726457399104]	[0, 0.98044009779951102, 0.95354523227383858, 0.90220048899755501, 0.85085574572127143, 0.76528117359413206, 0.37897310513447435]	[0, 0.99012345679012348, 0.97622027534418021, 0.94736842105263153, 0.91218872870249013, 0.8470906630581867, 0.49050632911392411]
F1-REF	6	0	naive-bayes	0.001:[6,6]:0.98	k__Fungi;p__Basidiomycota;c__Agaricomycetes;o__Russulales;f__Bondarzewiaceae;g__Bondarzewia;s__Bondarzewia_sp	k__Fungi;p__Basidiomycota;c__Agaricomycetes;o__Russulales;f__Bondarzewiaceae;g__Bondarzewia;s__Bondarzewia_sp	match	7	[0, 1.0, 1.0, 0.99729729729729732, 0.98305084745762716, 0.94848484848484849, 0.69506726457399104]	[0, 0.98044009779951102, 0.95354523227383858, 0.90220048899755501, 0.85085574572127143, 0.76528117359413206, 0.37897310513447435]	[0, 0.99012345679012348, 0.97622027534418021, 0.94736842105263153, 0.91218872870249013, 0.8470906630581867, 0.49050632911392411]
F1-REF	6	0	naive-bayes	0.001:[6,6]:0.98	k__Fungi;p__Basidiomycota;c__Agaricomycetes;o__Agaricales;f__Psathyrellaceae	k__Fungi;p__Basidiomycota;c__Agaricomycetes;o__Agaricales;f__Psathyrellaceae;g__Coprinellus;s__Coprinellus_disseminatus	underclassification	5	[0, 1.0, 1.0, 0.99729729729729732, 0.98305084745762716, 0.94848484848484849, 0.69506726457399104]	[0, 0.98044009779951102, 0.95354523227383858, 0.90220048899755501, 0.85085574572127143, 0.76528117359413206, 0.37897310513447435]	[0, 0.99012345679012348, 0.97622027534418021, 0.94736842105263153, 0.91218872870249013, 0.8470906630581867, 0.49050632911392411]
F1-REF	6	0	naive-bayes	0.001:[6,6]:0.98	k__Fungi;p__Basidiomycota;c__Agaricomycetes;o__Russulales;f__Russulaceae;g__Russula;s__Russula_delica	k__Fungi;p__Basidiomycota;c__Agaricomycetes;o__Russulales;f__Russulaceae;g__Russula;s__Russula_delica	match	7	[0, 1.0, 1.0, 0.99729729729729732, 0.98305084745762716, 0.94848484848484849, 0.69506726457399104]	[0, 0.98044009779951102, 0.95354523227383858, 0.90220048899755501, 0.85085574572127143, 0.76528117359413206, 0.37897310513447435]	[0, 0.99012345679012348, 0.97622027534418021, 0.94736842105263153, 0.91218872870249013, 0.8470906630581867, 0.49050632911392411]
F1-REF	6	0	naive-bayes	0.001:[6,6]:0.98	k__Fungi;p__Basidiomycota;c__Agaricomycetes;o__Agaricales;f__Mycenaceae;g__Mycena	k__Fungi;p__Basidiomycota;c__Agaricomycetes;o__Agaricales;f__Mycenaceae;g__Mycena;s__Mycena_polygramma	underclassification	6	[0, 1.0, 1.0, 0.99729729729729732, 0.98305084745762716, 0.94848484848484849, 0.69506726457399104]	[0, 0.98044009779951102, 0.95354523227383858, 0.90220048899755501, 0.85085574572127143, 0.76528117359413206, 0.37897310513447435]	[0, 0.99012345679012348, 0.97622027534418021, 0.94736842105263153, 0.91218872870249013, 0.8470906630581867, 0.49050632911392411]
F1-REF	6	0	naive-bayes	0.001:[6,6]:0.98	k__Fungi;p__Basidiomycota;c__Agaricomycetes;o__Agaricales;f__Mycenaceae;g__Mycena;s__Mycena_sanguinolenta	k__Fungi;p__Basidiomycota;c__Agaricomycetes;o__Agaricales;f__Mycenaceae;g__Mycena;s__Mycena_sanguinolenta	match	7	[0, 1.0, 1.0, 0.99729729729729732, 0.98305084745762716, 0.94848484848484849, 0.69506726457399104]	[0, 0.98044009779951102, 0.95354523227383858, 0.90220048899755501, 0.85085574572127143, 0.76528117359413206, 0.37897310513447435]	[0, 0.99012345679012348, 0.97622027534418021, 0.94736842105263153, 0.91218872870249013, 0.8470906630581867, 0.49050632911392411]
F1-REF	6	0	naive-bayes	0.001:[6,6]:0.98	k__Fungi;p__Basidiomycota;c__Agaricomycetes;o__Agaricales;f__Mycenaceae;g__Mycena;s__Mycena_meliigena	k__Fungi;p__Basidiomycota;c__Agaricomycetes;o__Agaricales;f__Mycenaceae;g__Mycena;s__Mycena_meliigena	match	7	[0, 1.0, 1.0, 0.99729729729729732, 0.98305084745762716, 0.94848484848484849, 0.69506726457399104]	[0, 0.98044009779951102, 0.95354523227383858, 0.90220048899755501, 0.85085574572127143, 0.76528117359413206, 0.37897310513447435]	[0, 0.99012345679012348, 0.97622027534418021, 0.94736842105263153, 0.91218872870249013, 0.8470906630581867, 0.49050632911392411]
F1-REF	6	0	naive-bayes	0.001:[6,6]:0.98	k__Fungi;p__Basidiomycota;c__Agaricomycetes	k__Fungi;p__Basidiomycota;c__Agaricomycetes;o__Agaricales;f__Hygrophoraceae;g__Hygrophorus;s__Hygrophorus_purpurascens	underclassification	3	[0, 1.0, 1.0, 0.99729729729729732, 0.98305084745762716, 0.94848484848484849, 0.69506726457399104]	[0, 0.98044009779951102, 0.95354523227383858, 0.90220048899755501, 0.85085574572127143, 0.76528117359413206, 0.37897310513447435]	[0, 0.99012345679012348, 0.97622027534418021, 0.94736842105263153, 0.91218872870249013, 0.8470906630581867, 0.49050632911392411]
F1-REF	6	0	naive-bayes	0.001:[6,6]:0.98	k__Fungi;p__Basidiomycota;c__Agaricomycetes;o__Agaricales;f__Mycenaceae;g__Mycena;s__Mycena_flavoalba	k__Fungi;p__Basidiomycota;c__Agaricomycetes;o__Agaricales;f__Mycenaceae;g__Mycena;s__Mycena_flavoalba	match	7	[0, 1.0, 1.0, 0.99729729729729732, 0.98305084745762716, 0.94848484848484849, 0.69506726457399104]	[0, 0.98044009779951102, 0.95354523227383858, 0.90220048899755501, 0.85085574572127143, 0.76528117359413206, 0.37897310513447435]	[0, 0.99012345679012348, 0.97622027534418021, 0.94736842105263153, 0.91218872870249013, 0.8470906630581867, 0.49050632911392411]
F1-REF	6	0	naive-bayes	0.001:[6,6]:0.98	k__Fungi;p__Basidiomycota;c__Agaricomycetes;o__Agaricales;f__Physalacriaceae;g__Flammulina;s__Flammulina_velutipes	k__Fungi;p__Basidiomycota;c__Agaricomycetes;o__Agaricales;f__Physalacriaceae;g__Flammulina;s__Flammulina_velutipes	match	7	[0, 1.0, 1.0, 0.99729729729729732, 0.98305084745762716, 0.94848484848484849, 0.69506726457399104]	[0, 0.98044009779951102, 0.95354523227383858, 0.90220048899755501, 0.85085574572127143, 0.76528117359413206, 0.37897310513447435]	[0, 0.99012345679012348, 0.97622027534418021, 0.94736842105263153, 0.91218872870249013, 0.8470906630581867, 0.49050632911392411]
F1-REF	6	0	naive-bayes	0.001:[6,6]:0.98	k__Fungi;p__Ascomycota;c__Orbiliomycetes;o__Orbiliales;f__Orbiliaceae;g__Arthrobotrys;s__Arthrobotrys_microscaphoides	k__Fungi;p__Ascomycota;c__Orbiliomycetes;o__Orbiliales;f__Orbiliaceae;g__Arthrobotrys;s__Arthrobotrys_thaumasia	misclassification	6	[0, 1.0, 1.0, 0.99729729729729732, 0.98305084745762716, 0.94848484848484849, 0.69506726457399104]	[0, 0.98044009779951102, 0.95354523227383858, 0.90220048899755501, 0.85085574572127143, 0.76528117359413206, 0.37897310513447435]	[0, 0.99012345679012348, 0.97622027534418021, 0.94736842105263153, 0.91218872870249013, 0.8470906630581867, 0.49050632911392411]
F1-REF	6	0	naive-bayes	0.001:[6,6]:0.98	k__Fungi;p__Basidiomycota;c__Agaricomycetes;o__Russulales;f__Russulaceae;g__Lactarius	k__Fungi;p__Basidiomycota;c__Agaricomycetes;o__Russulales;f__Russulaceae;g__Lactarius;s__Lactarius_lignyotus	underclassification	6	[0, 1.0, 1.0, 0.99729729729729732, 0.98305084745762716, 0.94848484848484849, 0.69506726457399104]	[0, 0.98044009779951102, 0.95354523227383858, 0.90220048899755501, 0.85085574572127143, 0.76528117359413206, 0.37897310513447435]	[0, 0.99012345679012348, 0.97622027534418021, 0.94736842105263153, 0.91218872870249013, 0.8470906630581867, 0.49050632911392411]
F1-REF	6	0	naive-bayes	0.001:[6,6]:0.98	k__Fungi;p__Basidiomycota;c__Agaricomycetes;o__Agaricales;f__Marasmiaceae;g__Marasmius;s__Marasmius_epiphyllus	k__Fungi;p__Basidiomycota;c__Agaricomycetes;o__Agaricales;f__Marasmiaceae;g__Marasmius;s__Marasmius_epiphyllus	match	7	[0, 1.0, 1.0, 0.99729729729729732, 0.98305084745762716, 0.94848484848484849, 0.69506726457399104]	[0, 0.98044009779951102, 0.95354523227383858, 0.90220048899755501, 0.85085574572127143, 0.76528117359413206, 0.37897310513447435]	[0, 0.99012345679012348, 0.97622027534418021, 0.94736842105263153, 0.91218872870249013, 0.8470906630581867, 0.49050632911392411]
F1-REF	6	0	naive-bayes	0.001:[6,6]:0.98	k__Fungi;p__Ascomycota;c__Saccharomycetes;o__Saccharomycetales;f__Lipomycetaceae;g__Lipomyces	k__Fungi;p__Ascomycota;c__Saccharomycetes;o__Saccharomycetales;f__Lipomycetaceae;g__Lipomyces;s__Lipomyces_starkeyi	underclassification	6	[0, 1.0, 1.0, 0.99729729729729732, 0.98305084745762716, 0.94848484848484849, 0.69506726457399104]	[0, 0.98044009779951102, 0.95354523227383858, 0.90220048899755501, 0.85085574572127143, 0.76528117359413206, 0.37897310513447435]	[0, 0.99012345679012348, 0.97622027534418021, 0.94736842105263153, 0.91218872870249013, 0.8470906630581867, 0.49050632911392411]
F1-REF	6	0	naive-bayes	0.001:[6,6]:0.98	k__Fungi;p__Ascomycota;c__Pezizomycetes;o__Pezizales;f__Pyronemataceae;g__Pustularia;s__Pustularia_sp	k__Fungi;p__Ascomycota;c__Pezizomycetes;o__Pezizales;f__Pyronemataceae;g__Pustularia;s__Pustularia_sp	match	7	[0, 1.0, 1.0, 0.99729729729729732, 0.98305084745762716, 0.94848484848484849, 0.69506726457399104]	[0, 0.98044009779951102, 0.95354523227383858, 0.90220048899755501, 0.85085574572127143, 0.76528117359413206, 0.37897310513447435]	[0, 0.99012345679012348, 0.97622027534418021, 0.94736842105263153, 0.91218872870249013, 0.8470906630581867, 0.49050632911392411]
F1-REF	6	0	naive-bayes	0.001:[6,6]:0.98	k__Fungi;p__Basidiomycota;c__Agaricomycetes;o__Thelephorales;f__Bankeraceae;g__Phellodon;s__Phellodon_niger	k__Fungi;p__Basidiomycota;c__Agaricomycetes;o__Thelephorales;f__Bankeraceae;g__Phellodon;s__Phellodon_niger	match	7	[0, 1.0, 1.0, 0.99729729729729732, 0.98305084745762716, 0.94848484848484849, 0.69506726457399104]	[0, 0.98044009779951102, 0.95354523227383858, 0.90220048899755501, 0.85085574572127143, 0.76528117359413206, 0.37897310513447435]	[0, 0.99012345679012348, 0.97622027534418021, 0.94736842105263153, 0.91218872870249013, 0.8470906630581867, 0.49050632911392411]
F1-REF	6	0	naive-bayes	0.001:[6,6]:0.98	k__Fungi;p__Basidiomycota;c__Agaricomycetes;o__Agaricales;f__Cortinariaceae;g__Cortinarius	k__Fungi;p__Basidiomycota;c__Agaricomycetes;o__Agaricales;f__Cortinariaceae;g__Cortinarius;s__Cortinarius_pluvius	underclassification	6	[0, 1.0, 1.0, 0.99729729729729732, 0.98305084745762716, 0.94848484848484849, 0.69506726457399104]	[0, 0.98044009779951102, 0.95354523227383858, 0.90220048899755501, 0.85085574572127143, 0.76528117359413206, 0.37897310513447435]	[0, 0.99012345679012348, 0.97622027534418021, 0.94736842105263153, 0.91218872870249013, 0.8470906630581867, 0.49050632911392411]
F1-REF	6	0	naive-bayes	0.001:[6,6]:0.98	k__Fungi;p__Basidiomycota;c__Agaricomycetes;o__Agaricales;f__Cortinariaceae;g__Cortinarius	k__Fungi;p__Basidiomycota;c__Agaricomycetes;o__Agaricales;f__Cortinariaceae;g__Cortinarius;s__Cortinarius_scaurus	underclassification	6	[0, 1.0, 1.0, 0.99729729729729732, 0.98305084745762716, 0.94848484848484849, 0.69506726457399104]	[0, 0.98044009779951102, 0.95354523227383858, 0.90220048899755501, 0.85085574572127143, 0.76528117359413206, 0.37897310513447435]	[0, 0.99012345679012348, 0.97622027534418021, 0.94736842105263153, 0.91218872870249013, 0.8470906630581867, 0.49050632911392411]
F1-REF	6	0	naive-bayes	0.001:[6,6]:0.98	k__Fungi;p__Basidiomycota;c__Agaricomycetes;o__Agaricales;f__Cortinariaceae;g__Cortinarius	k__Fungi;p__Basidiomycota;c__Agaricomycetes;o__Agaricales;f__Cortinariaceae;g__Cortinarius;s__Cortinarius_balteatoalbus	underclassification	6	[0, 1.0, 1.0, 0.99729729729729732, 0.98305084745762716, 0.94848484848484849, 0.69506726457399104]	[0, 0.98044009779951102, 0.95354523227383858, 0.90220048899755501, 0.85085574572127143, 0.76528117359413206, 0.37897310513447435]	[0, 0.99012345679012348, 0.97622027534418021, 0.94736842105263153, 0.91218872870249013, 0.8470906630581867, 0.49050632911392411]
F1-REF	6	0	naive-bayes	0.001:[6,6]:0.98	k__Fungi;p__Basidiomycota;c__Agaricomycetes;o__Agaricales;f__Cortinariaceae;g__Cortinarius	k__Fungi;p__Basidiomycota;c__Agaricomycetes;o__Agaricales;f__Cortinariaceae;g__Cortinarius;s__Cortinarius_dionysae	underclassification	6	[0, 1.0, 1.0, 0.99729729729729732, 0.98305084745762716, 0.94848484848484849, 0.69506726457399104]	[0, 0.98044009779951102, 0.95354523227383858, 0.90220048899755501, 0.85085574572127143, 0.76528117359413206, 0.37897310513447435]	[0, 0.99012345679012348, 0.97622027534418021, 0.94736842105263153, 0.91218872870249013, 0.8470906630581867, 0.49050632911392411]
F1-REF	6	0	naive-bayes	0.001:[6,6]:0.98	k__Fungi;p__Basidiomycota;c__Agaricomycetes;o__Agaricales;f__Cortinariaceae;g__Cortinarius;s__Cortinarius_australis	k__Fungi;p__Basidiomycota;c__Agaricomycetes;o__Agaricales;f__Cortinariaceae;g__Cortinarius;s__Cortinarius_australis	match	7	[0, 1.0, 1.0, 0.99729729729729732, 0.98305084745762716, 0.94848484848484849, 0.69506726457399104]	[0, 0.98044009779951102, 0.95354523227383858, 0.90220048899755501, 0.85085574572127143, 0.76528117359413206, 0.37897310513447435]	[0, 0.99012345679012348, 0.97622027534418021, 0.94736842105263153, 0.91218872870249013, 0.8470906630581867, 0.49050632911392411]
F1-REF	6	0	naive-bayes	0.001:[6,6]:0.98	k__Fungi;p__Ascomycota;c__Dothideomycetes;o__Botryosphaeriales;f__Botryosphaeriaceae;g__Phyllosticta;s__Phyllosticta_citricarpa	k__Fungi;p__Ascomycota;c__Dothideomycetes;o__Botryosphaeriales;f__Botryosphaeriaceae;g__Phyllosticta;s__Phyllosticta_citricarpa	match	7	[0, 1.0, 1.0, 0.99729729729729732, 0.98305084745762716, 0.94848484848484849, 0.69506726457399104]	[0, 0.98044009779951102, 0.95354523227383858, 0.90220048899755501, 0.85085574572127143, 0.76528117359413206, 0.37897310513447435]	[0, 0.99012345679012348, 0.97622027534418021, 0.94736842105263153, 0.91218872870249013, 0.8470906630581867, 0.49050632911392411]
F1-REF	6	0	naive-bayes	0.001:[6,6]:0.98	k__Fungi;p__Ascomycota;c__Saccharomycetes;o__Saccharomycetales;f__Saccharomycodaceae;g__Saccharomycodes;s__Saccharomycodes_ludwigii	k__Fungi;p__Ascomycota;c__Saccharomycetes;o__Saccharomycetales;f__Saccharomycodaceae;g__Saccharomycodes;s__Saccharomycodes_ludwigii	match	7	[0, 1.0, 1.0, 0.99729729729729732, 0.98305084745762716, 0.94848484848484849, 0.69506726457399104]	[0, 0.98044009779951102, 0.95354523227383858, 0.90220048899755501, 0.85085574572127143, 0.76528117359413206, 0.37897310513447435]	[0, 0.99012345679012348, 0.97622027534418021, 0.94736842105263153, 0.91218872870249013, 0.8470906630581867, 0.49050632911392411]
F1-REF	6	0	naive-bayes	0.001:[6,6]:0.98	k__Fungi;p__Ascomycota;c__Ascomycota_cls_Incertae_sedis;o__Ascomycota_ord_Incertae_sedis;f__Ascomycota_fam_Incertae_sedis;g__Verruconis;s__Verruconis_calidifluminalis	k__Fungi;p__Ascomycota;c__Ascomycota_cls_Incertae_sedis;o__Ascomycota_ord_Incertae_sedis;f__Ascomycota_fam_Incertae_sedis;g__Verruconis;s__Verruconis_gallopava	misclassification	6	[0, 1.0, 1.0, 0.99729729729729732, 0.98305084745762716, 0.94848484848484849, 0.69506726457399104]	[0, 0.98044009779951102, 0.95354523227383858, 0.90220048899755501, 0.85085574572127143, 0.76528117359413206, 0.37897310513447435]	[0, 0.99012345679012348, 0.97622027534418021, 0.94736842105263153, 0.91218872870249013, 0.8470906630581867, 0.49050632911392411]
F1-REF	6	0	naive-bayes	0.001:[6,6]:0.98	k__Fungi;p__Basidiomycota;c__Agaricomycetes;o__Hymenochaetales;f__Hymenochaetaceae;g__Inonotus;s__Inonotus_hispidus	k__Fungi;p__Basidiomycota;c__Agaricomycetes;o__Hymenochaetales;f__Hymenochaetaceae;g__Inonotus;s__Inonotus_hispidus	match	7	[0, 1.0, 1.0, 0.99729729729729732, 0.98305084745762716, 0.94848484848484849, 0.69506726457399104]	[0, 0.98044009779951102, 0.95354523227383858, 0.90220048899755501, 0.85085574572127143, 0.76528117359413206, 0.37897310513447435]	[0, 0.99012345679012348, 0.97622027534418021, 0.94736842105263153, 0.91218872870249013, 0.8470906630581867, 0.49050632911392411]
F1-REF	6	0	naive-bayes	0.001:[6,6]:0.98	k__Fungi;p__Ascomycota;c__Lecanoromycetes;o__Lecanorales;f__Parmeliaceae;g__Dactylina;s__Dactylina_arctica	k__Fungi;p__Ascomycota;c__Lecanoromycetes;o__Lecanorales;f__Parmeliaceae;g__Dactylina;s__Dactylina_arctica	match	7	[0, 1.0, 1.0, 0.99729729729729732, 0.98305084745762716, 0.94848484848484849, 0.69506726457399104]	[0, 0.98044009779951102, 0.95354523227383858, 0.90220048899755501, 0.85085574572127143, 0.76528117359413206, 0.37897310513447435]	[0, 0.99012345679012348, 0.97622027534418021, 0.94736842105263153, 0.91218872870249013, 0.8470906630581867, 0.49050632911392411]
F1-REF	6	0	naive-bayes	0.001:[6,6]:0.98	k__Fungi;p__Basidiomycota;c__Agaricomycetes;o__Agaricales;f__Mycenaceae;g__Xeromphalina;s__Xeromphalina_sp	k__Fungi;p__Basidiomycota;c__Agaricomycetes;o__Agaricales;f__Mycenaceae;g__Xeromphalina;s__Xeromphalina_sp	match	7	[0, 1.0, 1.0, 0.99729729729729732, 0.98305084745762716, 0.94848484848484849, 0.69506726457399104]	[0, 0.98044009779951102, 0.95354523227383858, 0.90220048899755501, 0.85085574572127143, 0.76528117359413206, 0.37897310513447435]	[0, 0.99012345679012348, 0.97622027534418021, 0.94736842105263153, 0.91218872870249013, 0.8470906630581867, 0.49050632911392411]
F1-REF	6	0	naive-bayes	0.001:[6,6]:0.98	k__Fungi;p__Basidiomycota;c__Agaricomycetes	k__Fungi;p__Basidiomycota;c__Agaricomycetes;o__Boletales;f__Boletaceae;g__Boletellus;s__Boletellus_sp	underclassification	3	[0, 1.0, 1.0, 0.99729729729729732, 0.98305084745762716, 0.94848484848484849, 0.69506726457399104]	[0, 0.98044009779951102, 0.95354523227383858, 0.90220048899755501, 0.85085574572127143, 0.76528117359413206, 0.37897310513447435]	[0, 0.99012345679012348, 0.97622027534418021, 0.94736842105263153, 0.91218872870249013, 0.8470906630581867, 0.49050632911392411]
F1-REF	6	0	naive-bayes	0.001:[6,6]:0.98	k__Fungi;p__Ascomycota;c__Orbiliomycetes;o__Orbiliales;f__Orbiliaceae	k__Fungi;p__Ascomycota;c__Orbiliomycetes;o__Orbiliales;f__Orbiliaceae;g__Orbilia;s__Orbilia_sp	underclassification	5	[0, 1.0, 1.0, 0.99729729729729732, 0.98305084745762716, 0.94848484848484849, 0.69506726457399104]	[0, 0.98044009779951102, 0.95354523227383858, 0.90220048899755501, 0.85085574572127143, 0.76528117359413206, 0.37897310513447435]	[0, 0.99012345679012348, 0.97622027534418021, 0.94736842105263153, 0.91218872870249013, 0.8470906630581867, 0.49050632911392411]
F1-REF	6	0	naive-bayes	0.001:[6,6]:0.98	k__Fungi;p__Ascomycota;c__Pezizomycetes;o__Pezizales;f__Pyronemataceae;g__Genea;s__Genea_lobulata	k__Fungi;p__Ascomycota;c__Pezizomycetes;o__Pezizales;f__Pyronemataceae;g__Genea;s__Genea_lobulata	match	7	[0, 1.0, 1.0, 0.99729729729729732, 0.98305084745762716, 0.94848484848484849, 0.69506726457399104]	[0, 0.98044009779951102, 0.95354523227383858, 0.90220048899755501, 0.85085574572127143, 0.76528117359413206, 0.37897310513447435]	[0, 0.99012345679012348, 0.97622027534418021, 0.94736842105263153, 0.91218872870249013, 0.8470906630581867, 0.49050632911392411]
F1-REF	6	0	naive-bayes	0.001:[6,6]:0.98	k__Fungi;p__Basidiomycota;c__Agaricomycetes;o__Geastrales;f__Geastraceae;g__Geastrum	k__Fungi;p__Basidiomycota;c__Agaricomycetes;o__Geastrales;f__Geastraceae;g__Geastrum;s__Geastrum_schweinitzii	underclassification	6	[0, 1.0, 1.0, 0.99729729729729732, 0.98305084745762716, 0.94848484848484849, 0.69506726457399104]	[0, 0.98044009779951102, 0.95354523227383858, 0.90220048899755501, 0.85085574572127143, 0.76528117359413206, 0.37897310513447435]	[0, 0.99012345679012348, 0.97622027534418021, 0.94736842105263153, 0.91218872870249013, 0.8470906630581867, 0.49050632911392411]
F1-REF	6	0	naive-bayes	0.001:[6,6]:0.98	k__Fungi;p__Ascomycota;c__Dothideomycetes;o__Pleosporales;f__Tetraplosphaeriaceae;g__Tetraplosphaeria;s__Tetraplosphaeria_sp	k__Fungi;p__Ascomycota;c__Dothideomycetes;o__Pleosporales;f__Tetraplosphaeriaceae;g__Tetraplosphaeria;s__Tetraplosphaeria_sp	match	7	[0, 1.0, 1.0, 0.99729729729729732, 0.98305084745762716, 0.94848484848484849, 0.69506726457399104]	[0, 0.98044009779951102, 0.95354523227383858, 0.90220048899755501, 0.85085574572127143, 0.76528117359413206, 0.37897310513447435]	[0, 0.99012345679012348, 0.97622027534418021, 0.94736842105263153, 0.91218872870249013, 0.8470906630581867, 0.49050632911392411]
F1-REF	6	0	naive-bayes	0.001:[6,6]:0.98	k__Fungi;p__Basidiomycota;c__Pucciniomycetes;o__Pucciniales;f__Pucciniales_fam_Incertae_sedis;g__Aecidium;s__Aecidium_guatteriae	k__Fungi;p__Basidiomycota;c__Pucciniomycetes;o__Pucciniales;f__Pucciniales_fam_Incertae_sedis;g__Aecidium;s__Aecidium_guatteriae	match	7	[0, 1.0, 1.0, 0.99729729729729732, 0.98305084745762716, 0.94848484848484849, 0.69506726457399104]	[0, 0.98044009779951102, 0.95354523227383858, 0.90220048899755501, 0.85085574572127143, 0.76528117359413206, 0.37897310513447435]	[0, 0.99012345679012348, 0.97622027534418021, 0.94736842105263153, 0.91218872870249013, 0.8470906630581867, 0.49050632911392411]
F1-REF	6	0	naive-bayes	0.001:[6,6]:0.98	k__Fungi;p__Ascomycota;c__Lecanoromycetes;o__Acarosporales;f__Acarosporaceae;g__Polysporina	k__Fungi;p__Ascomycota;c__Lecanoromycetes;o__Acarosporales;f__Acarosporaceae;g__Polysporina;s__Polysporina_subfuscescens	underclassification	6	[0, 1.0, 1.0, 0.99729729729729732, 0.98305084745762716, 0.94848484848484849, 0.69506726457399104]	[0, 0.98044009779951102, 0.95354523227383858, 0.90220048899755501, 0.85085574572127143, 0.76528117359413206, 0.37897310513447435]	[0, 0.99012345679012348, 0.97622027534418021, 0.94736842105263153, 0.91218872870249013, 0.8470906630581867, 0.49050632911392411]
F1-REF	6	0	naive-bayes	0.001:[6,6]:0.98	k__Fungi;p__Basidiomycota;c__Agaricomycetes;o__Agaricales;f__Inocybaceae;g__Inocybe;s__Inocybe_leptospermi	k__Fungi;p__Basidiomycota;c__Agaricomycetes;o__Agaricales;f__Inocybaceae;g__Inocybe;s__Inocybe_leptospermi	match	7	[0, 1.0, 1.0, 0.99729729729729732, 0.98305084745762716, 0.94848484848484849, 0.69506726457399104]	[0, 0.98044009779951102, 0.95354523227383858, 0.90220048899755501, 0.85085574572127143, 0.76528117359413206, 0.37897310513447435]	[0, 0.99012345679012348, 0.97622027534418021, 0.94736842105263153, 0.91218872870249013, 0.8470906630581867, 0.49050632911392411]
F1-REF	6	0	naive-bayes	0.001:[6,6]:0.98	k__Fungi;p__Ascomycota;c__Lecanoromycetes;o__Lecanorales;f__Parmeliaceae;g__Protoparmelia;s__Protoparmelia_badia	k__Fungi;p__Ascomycota;c__Lecanoromycetes;o__Lecanorales;f__Parmeliaceae;g__Protoparmelia;s__Protoparmelia_sp	misclassification	6	[0, 1.0, 1.0, 0.99729729729729732, 0.98305084745762716, 0.94848484848484849, 0.69506726457399104]	[0, 0.98044009779951102, 0.95354523227383858, 0.90220048899755501, 0.85085574572127143, 0.76528117359413206, 0.37897310513447435]	[0, 0.99012345679012348, 0.97622027534418021, 0.94736842105263153, 0.91218872870249013, 0.8470906630581867, 0.49050632911392411]
F1-REF	6	0	naive-bayes	0.001:[6,6]:0.98	k__Fungi;p__Ascomycota;c__Leotiomycetes;o__Helotiales;f__Dermateaceae	k__Fungi;p__Ascomycota;c__Leotiomycetes;o__Helotiales;f__Dermateaceae;g__Pezicula;s__Pezicula_sp	underclassification	5	[0, 1.0, 1.0, 0.99729729729729732, 0.98305084745762716, 0.94848484848484849, 0.69506726457399104]	[0, 0.98044009779951102, 0.95354523227383858, 0.90220048899755501, 0.85085574572127143, 0.76528117359413206, 0.37897310513447435]	[0, 0.99012345679012348, 0.97622027534418021, 0.94736842105263153, 0.91218872870249013, 0.8470906630581867, 0.49050632911392411]
F1-REF	6	0	naive-bayes	0.001:[6,6]:0.98	k__Fungi;p__Basidiomycota;c__Agaricomycetes;o__Trechisporales;f__Hydnodontaceae;g__Subulicystidium;s__Subulicystidium_sp	k__Fungi;p__Basidiomycota;c__Agaricomycetes;o__Trechisporales;f__Hydnodontaceae;g__Subulicystidium;s__Subulicystidium_longisporum	misclassification	6	[0, 1.0, 1.0, 0.99729729729729732, 0.98305084745762716, 0.94848484848484849, 0.69506726457399104]	[0, 0.98044009779951102, 0.95354523227383858, 0.90220048899755501, 0.85085574572127143, 0.76528117359413206, 0.37897310513447435]	[0, 0.99012345679012348, 0.97622027534418021, 0.94736842105263153, 0.91218872870249013, 0.8470906630581867, 0.49050632911392411]
F1-REF	6	0	naive-bayes	0.001:[6,6]:0.98	k__Fungi;p__Ascomycota;c__Sordariomycetes;o__Microascales;f__Microascaceae;g__Scopulariopsis;s__Scopulariopsis_sp	k__Fungi;p__Ascomycota;c__Sordariomycetes;o__Microascales;f__Microascaceae;g__Scopulariopsis;s__Scopulariopsis_sp	match	7	[0, 1.0, 1.0, 0.99729729729729732, 0.98305084745762716, 0.94848484848484849, 0.69506726457399104]	[0, 0.98044009779951102, 0.95354523227383858, 0.90220048899755501, 0.85085574572127143, 0.76528117359413206, 0.37897310513447435]	[0, 0.99012345679012348, 0.97622027534418021, 0.94736842105263153, 0.91218872870249013, 0.8470906630581867, 0.49050632911392411]
F1-REF	6	0	naive-bayes	0.001:[6,6]:0.98	k__Fungi;p__Basidiomycota;c__Agaricomycetes;o__Polyporales;f__Phanerochaetaceae;g__Phanerochaete;s__Phanerochaete_burtii	k__Fungi;p__Basidiomycota;c__Agaricomycetes;o__Polyporales;f__Phanerochaetaceae;g__Phanerochaete;s__Phanerochaete_burtii	match	7	[0, 1.0, 1.0, 0.99729729729729732, 0.98305084745762716, 0.94848484848484849, 0.69506726457399104]	[0, 0.98044009779951102, 0.95354523227383858, 0.90220048899755501, 0.85085574572127143, 0.76528117359413206, 0.37897310513447435]	[0, 0.99012345679012348, 0.97622027534418021, 0.94736842105263153, 0.91218872870249013, 0.8470906630581867, 0.49050632911392411]
F1-REF	6	0	naive-bayes	0.001:[6,6]:0.98	k__Fungi;p__Basidiomycota;c__Agaricomycetes;o__Agaricales;f__Physalacriaceae;g__Physalacria;s__Physalacria_sinensis	k__Fungi;p__Basidiomycota;c__Agaricomycetes;o__Agaricales;f__Physalacriaceae;g__Physalacria;s__Physalacria_sinensis	match	7	[0, 1.0, 1.0, 0.99729729729729732, 0.98305084745762716, 0.94848484848484849, 0.69506726457399104]	[0, 0.98044009779951102, 0.95354523227383858, 0.90220048899755501, 0.85085574572127143, 0.76528117359413206, 0.37897310513447435]	[0, 0.99012345679012348, 0.97622027534418021, 0.94736842105263153, 0.91218872870249013, 0.8470906630581867, 0.49050632911392411]
F1-REF	6	0	naive-bayes	0.001:[6,6]:0.98	k__Fungi;p__Basidiomycota;c__Agaricomycetes;o__Russulales;f__Bondarzewiaceae;g__Amylosporus;s__Amylosporus_sp	k__Fungi;p__Basidiomycota;c__Agaricomycetes;o__Russulales;f__Bondarzewiaceae;g__Amylosporus;s__Amylosporus_sp	match	7	[0, 1.0, 1.0, 0.99729729729729732, 0.98305084745762716, 0.94848484848484849, 0.69506726457399104]	[0, 0.98044009779951102, 0.95354523227383858, 0.90220048899755501, 0.85085574572127143, 0.76528117359413206, 0.37897310513447435]	[0, 0.99012345679012348, 0.97622027534418021, 0.94736842105263153, 0.91218872870249013, 0.8470906630581867, 0.49050632911392411]
F1-REF	6	0	naive-bayes	0.001:[6,6]:0.98	k__Fungi	k__Fungi;p__Ascomycota;c__Dothideomycetes;o__Pleosporales;f__Pleosporales_fam_Incertae_sedis;g__Helicascus;s__Helicascus_sp	underclassification	1	[0, 1.0, 1.0, 0.99729729729729732, 0.98305084745762716, 0.94848484848484849, 0.69506726457399104]	[0, 0.98044009779951102, 0.95354523227383858, 0.90220048899755501, 0.85085574572127143, 0.76528117359413206, 0.37897310513447435]	[0, 0.99012345679012348, 0.97622027534418021, 0.94736842105263153, 0.91218872870249013, 0.8470906630581867, 0.49050632911392411]
F1-REF	6	0	naive-bayes	0.001:[6,6]:0.98	k__Fungi;p__Ascomycota;c__Dothideomycetes;o__Botryosphaeriales;f__Botryosphaeriaceae;g__Phyllosticta	k__Fungi;p__Ascomycota;c__Dothideomycetes;o__Botryosphaeriales;f__Botryosphaeriaceae;g__Phyllosticta;s__Phyllosticta_sp	underclassification	6	[0, 1.0, 1.0, 0.99729729729729732, 0.98305084745762716, 0.94848484848484849, 0.69506726457399104]	[0, 0.98044009779951102, 0.95354523227383858, 0.90220048899755501, 0.85085574572127143, 0.76528117359413206, 0.37897310513447435]	[0, 0.99012345679012348, 0.97622027534418021, 0.94736842105263153, 0.91218872870249013, 0.8470906630581867, 0.49050632911392411]